Time (fs)	Ex (arb. u.)	Ey (arb. u.)
0.363340387277	-0.200267006149	-0.200600502962
0.369200716104	-0.186004816246	-0.189942143406
0.375061044931	-0.167327402908	-0.175980271595
0.380921373758	-0.144983206236	-0.15905502019
0.386781702585	-0.119810301595	-0.13950338803
0.392642031412	-0.0927064642026	-0.117651834696
0.398502360239	-0.0645962717843	-0.0938136716293
0.404362689066	-0.0363964110139	-0.0682915554876
0.410223017893	-0.00898060617906	-0.0413849655537
0.41608334672	0.0168542052879	-0.0134020708986
0.421943675547	0.0404186936567	0.0153251039084
0.427804004374	0.0611571656016	0.044423783775
0.433664333201	0.0786671027771	0.0734638010094
0.439524662028	0.0927107396417	0.101943487198
0.445384990855	0.103217578397	0.129280516148
0.451245319682	0.11027724046	0.154810046091
0.457105648509	0.114122666861	0.177792204489
0.462965977336	0.115104368992	0.197430404111
0.468826306164	0.11365714847	0.212901182369
0.474686634991	0.110261392831	0.22339525072
0.480546963818	0.105401648788	0.228168287499
0.486407292645	0.0995256123811	0.226598792308
0.492267621472	0.0930068962974	0.218249151314
0.498127950299	0.0861148913355	0.202925063663
0.503988279126	0.0789947019745	0.18072777709
0.509848607953	0.0716594996207	0.152093295128
0.51570893678	0.0639967237054	0.117812946164
0.521569265607	0.055788422638	0.0790305065398
0.527429594434	0.0467447449197	0.0372124577022
0.533289923261	0.0365482713604	-0.00591011554986
0.539150252088	0.024905645255	-0.0484271216703
0.545010580915	0.011601937825	-0.0883590727471
0.550870909742	-0.00344749598617	-0.123784572408
0.556731238569	-0.0201531587417	-0.152977109282
0.562591567396	-0.0382207701004	-0.17454063886
0.568451896223	-0.0571382676017	-0.18753223945
0.57431222505	-0.0761835687255	-0.191559893327
0.580172553877	-0.0944544899569	-0.186844315466
0.586032882704	-0.11092020622	-0.174235776972
0.591893211531	-0.124491508599	-0.155179983877
0.597753540358	-0.134105081136	-0.13163109094
0.603613869186	-0.138815277313	-0.105914558338
0.609474198013	-0.13788562819	-0.0805474068994
0.61533452684	-0.130871716075	-0.0580280423129
0.621194855667	-0.117687204331	-0.0406117271643
0.627055184494	-0.0986457605811	-0.0300905344846
0.632915513321	-0.074473305315	-0.0275978462594
0.638775842148	-0.0462873412221	-0.0334569143706
0.644636170975	-0.015542882069	-0.0470905859774
0.650496499802	0.0160525385549	-0.0670050955689
0.656356828629	0.0466494121252	-0.0908551104002
0.662217157456	0.0743844544848	-0.115590421952
0.668077486283	0.0975166358893	-0.137677375613
0.67393781511	0.114560106703	-0.153380981216
0.679798143937	0.124402917626	-0.159087329123
0.685658472764	0.126401257206	-0.151641087046
0.691518801591	0.120440693113	-0.128669999318
0.697379130418	0.106958465804	-0.0888678132743
0.703239459245	0.0869240233773	-0.0322090689083
0.709099788072	0.0617784265316	0.0399263714856
0.714960116899	0.0333366835909	0.124734616637
0.720820445726	0.0036601883881	0.21808226159
0.726680774553	-0.0250910511012	0.314712433534
0.73254110338	-0.0508150104392	0.408551436768
0.738401432208	-0.0716209595516	0.493096480077
0.744261761035	-0.085967662391	0.561857795323
0.750122089862	-0.0927759098109	0.608823330054
0.755982418689	-0.0915069517593	0.628911578971
0.761842747516	-0.0822011700609	0.618378249581
0.767703076343	-0.0654745101642	0.575145336713
0.77356340517	-0.0424734911654	0.49902657213
0.779423733997	-0.0147927598465	0.391830670029
0.785284062824	0.0156381070937	0.2573326889
0.791144391651	0.0466897252829	0.101113446232
0.797004720478	0.0761797595601	-0.0697235179671
0.802865049305	0.102020798156	-0.246939179698
0.808725378132	0.122358835462	-0.421624938466
0.814585706959	0.135693032025	-0.584716369613
0.820446035786	0.140969140638	-0.72752104566
0.826306364613	0.137641180931	-0.842226186739
0.83216669344	0.125698415481	-0.922353871764
0.838027022267	0.105657223732	-0.963135711232
0.843887351094	0.0785198903669	-0.961784855433
0.849747679921	0.0457044511025	-0.917650478539
0.855608008748	0.00895143621708	-0.832247861387
0.861468337575	-0.0297854706954	-0.709165296771
0.867328666403	-0.0684572277853	-0.553856692127
0.87318899523	-0.105038000599	-0.373335446468
0.879049324057	-0.137637279675	-0.175790534243
0.884909652884	-0.16459923473	0.0298505355589
0.890769981711	-0.184584229672	0.234385241723
0.896630310538	-0.196628882746	0.428799205111
0.902490639365	-0.200182617364	0.604703575479
0.908350968192	-0.195120198774	0.754724142271
0.914211297019	-0.181731190274	0.872823700157
0.920071625846	-0.160688509952	0.954544045476
0.925931954673	-0.13299926708	0.997159267413
0.9317922835	-0.0999417714313	0.999737369495
0.937652612327	-0.0629930267464	0.963112383305
0.943512941154	-0.0237511491096	0.889773735333
0.949373269981	0.0161429830212	0.783683478564
0.955233598808	0.0550809001619	0.650034949963
0.961093927635	0.0915551261151	0.494968381081
0.966954256462	0.124218432328	0.325259956546
0.972814585289	0.151931758718	0.148000829554
0.978674914116	0.173799559776	-0.0297182396763
0.984535242943	0.189192074479	-0.201102523172
0.99039557177	0.197754697268	-0.359917273457
0.996255900597	0.19940521562	-0.500710534169
1.00211622942	0.1943201577	-0.618988106503
1.00797655825	0.182911850798	-0.711336758591
1.01383688708	0.165798026254	-0.775494464704
1.01969721591	0.143765924958	-0.810368943046
1.02555754473	0.117732870841	-0.816007927486
1.03141787356	0.0887052031849	-0.793526391183
1.03727820239	0.0577373093971	-0.744997297992
1.04313853121	0.0258922958483	-0.67331337682
1.04899886004	-0.00579440725896	-0.582027904034
1.05485918887	-0.0363474744319	-0.47518256856
1.06071951769	-0.0648793852196	-0.357130228022
1.06657984652	-0.0906129008883	-0.23235979727
1.07244017535	-0.112898072943	-0.105329705112
1.07830050418	-0.131223766227	0.0196846245873
1.084160833	-0.145223876307	0.138724901268
1.09002116183	-0.154678583262	0.248262479857
1.09588149066	-0.159511109525	0.345287168331
1.10174181948	-0.159780538401	0.427371329998
1.10760214831	-0.155671304154	0.492709280677
1.11346247714	-0.147479988287	0.540132866246
1.11932280597	-0.135600054678	0.569104856076
1.12518313479	-0.120505134263	0.57969239137
1.13104346362	-0.102731433429	0.572523180294
1.13690379245	-0.0828597939423	0.548727436802
1.14276412127	-0.0614978799318	0.509868724971
1.1486244501	-0.0392629119004	0.457866907718
1.15448477893	-0.0167653107553	0.394916323115
1.16034510775	0.00540644227648	0.323402140419
1.16620543658	0.0266994802788	0.245817599678
1.17206576541	0.0466085646473	0.164684531951
1.17792609424	0.0646862945556	0.0824792097142
1.18378642306	0.0805514148269	0.00156520600218
1.18964675189	0.0938951664155	-0.0758654385286
1.19550708072	0.104485658681	-0.147841815565
1.20136740954	0.112170271389	-0.212653948719
1.20722773837	0.116876117801	-0.268882557279
1.2130880672	0.11860862012	-0.315418848089
1.21894839603	0.117448267136	-0.351474661457
1.22480872485	0.113545643789	-0.376583518664
1.23066905368	0.107114845405	-0.390593298766
1.23652938251	0.0984254171337	-0.393651411404
1.24238971133	0.0877929918289	-0.386183431814
1.24825004016	0.0755688366281	-0.368866226944
1.25411036899	0.0621285581646	-0.342596631071
1.25997069781	0.0478602565265	-0.308456729871
1.26583102664	0.0331524562208	-0.267676788129
1.27169135547	0.01838217603	-0.221596813256
1.2775516843	0.00390352633815	-0.171627689138
1.28341201312	-0.00996276010953	-0.11921274753
1.28927234195	-0.0229384524099	-0.0657905709674
1.29513267078	-0.0347951979164	-0.0127597456981
1.3009929996	-0.045359774557	0.0385537923862
1.30685332843	-0.0545168901378	0.0869262498092
1.31271365726	-0.0622092713129	0.131261808796
1.31857398608	-0.0684348832159	0.170614376187
1.32443431491	-0.0732412468118	0.204204894176
1.33029464374	-0.0767169734927	0.231433933837
1.33615497257	-0.0789808109451	0.251889372927
1.34201530139	-0.0801686830235	0.265349048595
1.34787563022	-0.0804193979151	0.271778375779
1.35373595905	-0.0798598788393	0.271323034976
1.35959628787	-0.07859092313	0.264296958948
1.3654566167	-0.076674600958	0.251165985573
1.37131694553	-0.0741244466029	0.232527689912
1.37717727436	-0.0708995574081	0.209088056974
1.38303760318	-0.0669035861884	0.181635799617
1.38889793201	-0.0619893848414	0.151015253298
1.39475826084	-0.0559697298384	0.118098879343
1.40061858966	-0.0486341417044	0.0837604684319
1.40647891849	-0.0397713172148	0.048850144131
1.41233924732	-0.0291961511908	0.0141722119694
1.41819957614	-0.0167797705305	-0.0195332241352
1.42405990497	-0.00248048125707	-0.0516041518253
1.4299202338	0.0136269086513	-0.0814655838088
1.43578056263	0.0313262272559	-0.108633392659
1.44164089145	0.0502424813211	-0.13271326401
1.44750122028	0.0698346160432	-0.153395358093
1.45336154911	0.0894009008405	-0.170445624855
1.45922187793	0.108098661207	-0.183695020877
1.46508220676	0.12497911358	-0.193028091842
1.47094253559	0.139036863762	-0.198372479842
1.47680286442	0.14927227093	-0.199690865379
1.48266319324	0.15476345913	-0.196976644815
1.48852352207	0.154743400579	-0.190254275521
1.4943838509	0.148676339744	-0.179584709634
1.50024417972	0.136327017153	-0.165075717936
1.50610450855	0.117815819432	-0.146896229052
1.51196483738	0.0936532334051	-0.125293141585
1.5178251662	0.0647478818926	-0.10060848185
1.52368549503	0.0323839773679	-0.073294353793
1.52954582386	-0.0018338071126	-0.043922930216
1.53540615269	-0.0360674043663	-0.013188819991
1.54126648151	-0.0683607709939	0.0180984544048
1.54712681034	-0.0967770794127	0.0490334209145
1.55298713917	-0.119548347108	0.0786456221709
1.55884746799	-0.135225935787	0.10594193701
1.56470779682	-0.142818935113	0.129958309792
1.57056812565	-0.141907077725	0.149817656055
1.57642845447	-0.132715675766	0.164789598518
1.5822887833	-0.116142182784	0.17434688301
1.58814911213	-0.0937273061838	0.178212955072
1.59400944096	-0.067567932838	0.176395337162
1.59986976978	-0.0401741693216	0.169200178283
1.60573009861	-0.0142781200772	0.157224639261
1.61159042744	0.00739285732257	0.141325551945
1.61745075626	0.0223612861282	0.122564912664
1.62331108509	0.0286427772581	0.102135051496
1.62917141392	0.0249654343717	0.0812685361272
1.63503174275	0.0109439334669	0.0611397855347
1.64089207157	-0.0128108685275	0.0427667590892
1.6467524004	-0.0446616101086	0.0269217629373
1.65261272923	-0.0820021870019	0.0140602504465
1.65847305805	-0.121405159239	0.00427543914959
1.66433338688	-0.158852498447	-0.0027153348722
1.67019371571	-0.190035580181	-0.00754921934144
1.67605404453	-0.210703340903	-0.0111612115347
1.68191437336	-0.217032028855	-0.0146954233752
1.68777470219	-0.205986562307	-0.0193906094127
1.69363503102	-0.175642575568	-0.0264491225725
1.69949535984	-0.125439972913	-0.036900540798
1.70535568867	-0.0563431701672	-0.0514723259111
1.7112160175	0.0291101151736	-0.0704798838534
1.71707634632	0.126881182247	-0.093747247622
1.72293667515	0.231623845449	-0.120567367861
1.72879700398	0.336989309516	-0.149707846906
1.73465733281	0.436023302351	-0.179464158655
1.74051766163	0.521628404698	-0.207758295122
1.74637799046	0.587058642757	-0.232276741939
1.75223831929	0.626410122931	-0.250638079341
1.75809864811	0.635071078214	-0.260577664728
1.76395897694	0.610097203445	-0.260135040849
1.76981930577	0.550483370639	-0.247829098749
1.77567963459	0.457310296258	-0.222806665984
1.78153996342	0.33375385477	-0.1849520339
1.78740029225	0.184954746673	-0.134947821649
1.79326062108	0.01775632688	-0.0742812482568
1.7991209499	-0.159672212037	-0.0051940320238
1.80498127873	-0.338302139207	0.0694215909797
1.81084160756	-0.508769830383	0.146174192187
1.81670193638	-0.66192503331	0.221361786584
1.82256226521	-0.7893670156	0.291185066385
1.82842259404	-0.883934399549	0.351970843916
1.83428292286	-0.940118369986	0.40039074475
1.84014325169	-0.954374779346	0.433660732507
1.84600358052	-0.925317959088	0.449708615512
1.85186390935	-0.853787190623	0.44729912283
1.85772423817	-0.742785176095	0.426109224148
1.863584567	-0.597295885364	0.386749847669
1.86944489583	-0.423996310206	0.330733751025
1.87530522465	-0.230882499513	0.260392758494
1.88116555348	-0.0268344724705	0.178750657634
1.88702588231	0.178852961226	0.0893605578072
1.89288621114	0.376945839095	-0.00388268460349
1.89874653996	0.558726634202	-0.0969433502306
1.90460686879	0.716405946117	-0.185847204134
1.91046719762	0.843470350696	-0.266873993951
1.91632752644	0.934951270061	-0.336729983394
1.92218785527	0.987605059185	-0.392692138472
1.9280481841	1.0	-0.432717699087
1.93390851292	0.972511203411	-0.455515201964
1.93976884175	0.907229245586	-0.460575408981
1.94562917058	0.807792469566	-0.448162887028
1.95148949941	0.679156097994	-0.419271051547
1.95734982823	0.527313530692	-0.375545223656
1.96321015706	0.358986414262	-0.319179588844
1.96907048589	0.181300304623	-0.252794844388
1.97493081471	0.00146208463603	-0.179303774583
1.98079114354	-0.173546124406	-0.101772016827
1.98665147237	-0.337243850659	-0.0232809200839
1.99251180119	-0.483889721655	0.0532012897268
1.99837213002	-0.608671970624	0.124934763234
2.00423245885	-0.707847318981	0.189505541838
2.01009278768	-0.77882632049	0.244902387476
2.0159531165	-0.820205826821	0.289571218487
2.02181344533	-0.831751511253	0.322446634012
2.02767377416	-0.814335290057	0.34296110167
2.03353410298	-0.769833961542	0.351033332438
2.03939443181	-0.700996420709	0.347038142578
2.04525476064	-0.611287407699	0.331760687588
2.05111508947	-0.504715936887	0.306338342301
2.05697541829	-0.385656373079	0.272193699725
2.06283574712	-0.258669626412	0.230962182981
2.06869607595	-0.128331189578	0.184417630685
2.07455640477	0.000928195898819	0.134398951697
2.0804167336	0.124964520056	0.0827405785638
2.08627706243	0.240041535678	0.0312090093576
2.09213739125	0.342928384825	-0.0185527566699
2.09799772008	0.430972470712	-0.0650715863414
2.10385804891	0.502147256296	-0.107080575812
2.10971837774	0.555075597102	-0.143545073108
2.11557870656	0.589030013896	-0.173678450943
2.12143903539	0.603911965979	-0.196948093724
2.12729936422	0.600212690907	-0.213072372627
2.13315969304	0.57895853129	-0.222009625241
2.13902002187	0.541643880133	-0.223940330549
2.1448803507	0.490154954441	-0.219243778181
2.15074067953	0.426687567719	-0.208470577129
2.15660100835	0.353661933527	-0.192312340056
2.16246133718	0.273637313263	-0.171569822316
2.16832166601	0.189229040694	-0.147120698375
2.17418199483	0.103030131288	-0.119888030954
2.18004232366	0.0175393320694	-0.0908103387699
2.18590265249	-0.0649028982828	-0.0608140052885
2.19176298131	-0.142169356883	-0.0307886013632
2.19762331014	-0.212391248035	-0.00156552599288
2.20348363897	-0.273993095803	0.026099792002
2.2093439678	-0.325717310468	0.0515420374563
2.21520429662	-0.366638585613	0.0741965354682
2.22106462545	-0.396168550466	0.0936063106764
2.22692495428	-0.414051310897	0.109425917661
2.2327852831	-0.420350680966	0.121422345976
2.23864561193	-0.415430035996	0.129473344365
2.24450594076	-0.399925810181	0.133563526598
2.25036626958	-0.374715720795	0.133778617981
2.25622659841	-0.340882831652	0.130298179573
2.26208692724	-0.299676575538	0.123387109894
2.26794725607	-0.252471843244	0.113386175672
2.27380758489	-0.200727219034	0.10070176825
2.27966791372	-0.14594340136	0.0857950259173
2.28552824255	-0.0896227944844	0.069170409608
2.29138857137	-0.0332311920333	0.0513637754466
2.2972489002	0.0218376029753	0.0329299574746
2.30310922903	0.0742934655706	0.0144298620479
2.30896955786	0.122977288478	-0.00358291458396
2.31482988668	0.166883431929	-0.0205758998242
2.32069021551	0.205176867083	-0.0360518848246
2.32655054434	0.237204734061	-0.0495632045156
2.33241087316	0.262502184875	-0.0607258697399
2.33827120199	0.280792541909	-0.0692331498202
2.34413153082	0.291981972815	-0.0748680865425
2.34999185964	0.296149060522	-0.0775143110964
2.35585218847	0.293529828337	-0.077164447171
2.3617125173	0.28449895855	-0.0739253303554
2.36757284613	0.269548109655	-0.0680192703614
2.37343317495	0.249262380553	-0.0597806411675
2.37929350378	0.224296076399	-0.0496472150099
2.38515383261	0.195348985535	-0.0381458649491
2.39101416143	0.163144366129	-0.0258725475144
2.39687449026	0.128409753205	-0.0134668346253
2.40273481909	0.0918615245395	-0.00158167761748
2.40859514792	0.0541939064305	0.00915046755858
2.41445547674	0.016072764414	0.0181535773488
2.42031580557	-0.0218658751277	0.0249440724503
2.4261761344	-0.0590130647509	0.0291645859354
2.43203646322	-0.0947808746869	0.0306129617106
2.43789679205	-0.128594381746	0.0292639157375
2.44375712088	-0.159883398971	0.0252809514522
2.4496174497	-0.188075858151	0.0190165035224
2.45547777853	-0.212594820701	0.0109988970638
2.46133810736	-0.232860965022	0.00190553888555
2.46719843619	-0.248302060305	-0.00747723354452
2.47305876501	-0.258370384699	-0.0163060913193
2.47891909384	-0.262568297916	-0.0237417220899
2.48477942267	-0.260481275822	-0.0290150852126
2.49063975149	-0.251816722499	-0.0314941640025
2.49650008032	-0.236445880021	-0.0307458225147
2.50236040915	-0.214445260746	-0.0265871199508
2.50822073797	-0.186133342114	-0.0191206502802
2.5140810668	-0.15209789826	-0.00874920516047
2.51994139563	-0.113209389224	0.00383369154453
2.52580172446	-0.0706163521419	0.0176791061569
2.53166205328	-0.0257197637226	0.0316435067924
2.53752238211	0.0198751559586	0.0444723778597
2.54338271094	0.0644293327866	0.0549016029611
2.54924303976	0.106159900811	0.0617694250757
2.55510336859	0.143345187124	0.0641300579831
2.56096369742	0.174437782569	0.0613589263168
2.56682402625	0.198177152285	0.0532392323624
2.57268435507	0.213692134796	0.0400202038808
2.5785446839	0.220583369206	0.0224390067539
2.58440501273	0.218976310726	0.00170085383094
2.59026534155	0.209537097489	-0.0205848459629
2.59612567038	0.193446072813	-0.0425106213632
2.60198599921	0.172327099837	-0.0620136463598
2.60784632803	0.148134684518	-0.0770454521322
2.61370665686	0.123005019484	-0.0857557720056
2.61956698569	0.0990809897624	-0.0866752699153
2.62542731452	0.0783245347006	-0.0788807515674
2.63128764334	0.0623321508693	-0.0621267387231
2.63714797217	0.052170423343	-0.0369290804455
2.643008301	0.0482480647828	-0.00458951738021
2.64886862982	0.0502389352631	0.0328454032381
2.65472895865	0.0570669776021	0.0726922864956
2.66058928748	0.066959159651	0.111801123967
2.66644961631	0.0775667406618	0.146777453565
2.67230994513	0.0861489663225	0.174240954194
2.67817027396	0.0898072142617	0.191100956615
2.68403060279	0.0857522478386	0.194826857403
2.68989093161	0.0715831417167	0.183690752316
2.69575126044	0.04555407285	0.156960888535
2.70161158927	0.00680483344341	0.115027723168
2.70747191809	-0.0444672566678	0.0594492415618
2.71333224692	-0.106912458919	-0.00709165320151
2.71919257575	-0.178023461665	-0.0809179304393
2.72505290458	-0.254225625547	-0.157570525067
2.7309132334	-0.331060485815	-0.232088154113
2.73677356223	-0.403452486567	-0.299335578234
2.74263389106	-0.466041658826	-0.354356828968
2.74849421988	-0.513558959432	-0.392727580229
2.75435454871	-0.541216801282	-0.410880556133
2.76021487754	-0.545085309759	-0.406379654392
2.76607520636	-0.522425223555	-0.378122164724
2.77193553519	-0.47195110017	-0.326453754565
2.77779586402	-0.394003361499	-0.253187331323
2.78365619285	-0.29061431582	-0.161523938063
2.78951652167	-0.165461070002	-0.0558809282506
2.7953768505	-0.0237065598266	0.0583607605054
2.80123717933	0.128261894866	0.17517284862
2.80709750815	0.283179705325	0.288237926612
2.81295783698	0.433314940565	0.391325601549
2.81881816581	0.570913934593	0.478661847754
2.82467849464	0.688653231848	0.545267910083
2.83053882346	0.780068482536	0.58724780188
2.83639915229	0.839932948544	0.602007476763
2.84225948112	0.864562194051	0.588393776101
2.84811980994	0.852026949722	0.546746852903
2.85398013877	0.802262596739	0.478865522261
2.8598404676	0.71707070531	0.387890480417
2.86570079642	0.600015060806	0.278115208055
2.87156112525	0.456221130393	0.154738338244
2.87742145408	0.292093542278	0.0235741214476
2.88328178291	0.114970540616	-0.109260751261
2.88914211173	-0.0672626752481	-0.237665317179
2.89500244056	-0.246578417765	-0.355859636297
2.90086276939	-0.415205604107	-0.458661156127
2.90672309821	-0.566001835984	-0.541718735613
2.91258342704	-0.692779577476	-0.601694157242
2.91844375587	-0.790571235264	-0.636384543159
2.92430408469	-0.855822277552	-0.644782775202
2.93016441352	-0.886506180106	-0.627076570167
2.93602474235	-0.882159650683	-0.58459008199
2.94188507118	-0.843840975423	-0.519674634846
2.9477454	-0.774018215603	-0.435557324883
2.95360572883	-0.6763971781	-0.336157700997
2.95946605766	-0.555701466622	-0.225883530699
2.96532638648	-0.417418433634	-0.109416800982
2.97118671531	-0.267525494073	0.00849934343102
2.97704704414	-0.112211082669	0.123262974076
2.98290737297	0.0423963692745	0.230596665799
2.98876770179	0.190479569169	0.326704933459
2.99462803062	0.326753705612	0.408400858644
3.00048835945	0.44665035966	0.473198807366
3.00634868827	0.546458764326	0.519371956779
3.0122090171	0.623421619977	0.545975036951
3.01806934593	0.675784988409	0.552834184953
3.02392967475	0.70280388816	0.540507053858
3.02979000358	0.704707020323	0.510217288879
3.03565033241	0.682625514406	0.46376816424
3.04151066124	0.63849166848	0.403440571388
3.04737099006	0.574914359686	0.331880678537
3.05323131889	0.495038132304	0.251982470968
3.05909164772	0.402392959428	0.166770065865
3.06495197654	0.300741361931	0.0792842145136
3.07081230537	0.193929005202	-0.00752319999975
3.0766726342	0.0857441358374	-0.0908835485961
3.08253296303	-0.0202096749852	-0.16829233501
3.08839329185	-0.120623990754	-0.237574915565
3.09425362068	-0.212576684733	-0.296936123668
3.10011394951	-0.293602329505	-0.344993530533
3.10597427833	-0.361741227595	-0.380794673544
3.11183460716	-0.415567350317	-0.4038191017
3.11769493599	-0.454196183179	-0.413966514714
3.12355526481	-0.477274084477	-0.411532604842
3.12941559364	-0.48495124228	-0.397174448609
3.13527592247	-0.477840663299	-0.371867443349
3.1411362513	-0.456965849104	-0.336855847912
3.14699658012	-0.423699918539	-0.293598976853
3.15285690895	-0.379698930776	-0.24371502371
3.15871723778	-0.326832064069	-0.188924362506
3.1645775666	-0.267111125753	-0.130994009008
3.17043789543	-0.202621625262	-0.0716847254103
3.17629822426	-0.135457350646	-0.0127020342703
3.18215855308	-0.0676600669525	0.0443478209062
3.18801888191	-0.00116561794612	0.0979961619793
3.19387921074	0.0622426244596	0.146943829467
3.19973953957	0.12097234349	0.190086439288
3.20559986839	0.173652576518	0.226532781285
3.21146019722	0.21915568588	0.255616381839
3.21732052605	0.256611196488	0.276900416924
3.22318085487	0.285411897402	0.290176304829
3.2290411837	0.305212769149	0.295456429307
3.23490151253	0.315923425821	0.292961544789
3.24076184136	0.317694851906	0.283103496493
3.24662217018	0.310901269904	0.266463951583
3.25248249901	0.296117998112	0.243769884562
3.25834282784	0.274096151412	0.215866592621
3.26420315666	0.245735005208	0.183689036102
3.27006348549	0.21205278881	0.148232306569
3.27592381432	0.174156605546	0.110522020714
3.28178414314	0.133212099456	0.0715854222405
3.28764447197	0.0904134098182	0.032423945341
3.2935048008	0.0469538815254	-0.00601204883069
3.29936512963	0.00399793723512	-0.0428457087361
3.30522545845	-0.0373455298513	-0.0772927224675
3.31108578728	-0.0760479138709	-0.108676454462
3.31694611611	-0.111183489627	-0.136438814791
3.32280644493	-0.141949525347	-0.160146619784
3.32866677376	-0.167683587843	-0.179493355335
3.33452710259	-0.18787769719	-0.19429642455
3.34038743142	-0.202188973674	-0.204490145533
3.34624776024	-0.210446413779	-0.210114957168
3.35210808907	-0.212653441511	-0.211303482366
3.3579684179	-0.208985913624	-0.208264278746
3.36382874672	-0.199785319116	-0.201264263394
3.36968907555	-0.185547010607	-0.190610916818
3.37554940438	-0.166903442221	-0.176635436541
3.3814097332	-0.144602566949	-0.159678008618
3.38727006203	-0.11948176409	-0.140076283246
3.39313039086	-0.0924379175598	-0.118157970266
3.39899071969	-0.0643945363277	-0.0942382086044
3.40485104851	-0.0362670813433	-0.0686220149337
3.41071137734	-0.00892791639065	-0.041611693828
3.41657170617	0.0168274930144	-0.0135186165331
3.42243203499	0.0403113759402	0.0153217204792
3.42829236382	0.060969658742	0.0445329229872
3.43415269265	0.078401475813	0.0736811903614
3.44001302147	0.0923707176411	0.102261346413
3.4458733503	0.102808514349	0.129687820742
3.45173367913	0.109806054933	0.155292922195
3.45759400796	0.113597755714	0.178334441118
3.46345433678	0.114535480671	0.198014062783
3.46931466561	0.113055233367	0.213507278527
3.47517499444	0.109638427674	0.224004477209
3.48103532326	0.104770438855	0.228761747729
3.48689565209	0.0988995735886	0.227158709854
3.49275598092	0.0923998182033	0.21875952369
3.49861630975	0.0855406811277	0.203372230657
3.50447663857	0.0784671091208	0.181100878281
3.5103369674	0.0711918212804	0.152384596703
3.51619729623	0.0636014924334	0.11801802359
3.52205762505	0.055477080239	0.0791482767622
3.52791795388	0.0465273092112	0.0372450619639
3.53377828271	0.0364330055963	-0.00595756977348
3.53963861153	0.0248987425284	-0.0485469440496
3.54549894036	0.0117072344657	-0.0885414768865
3.55135926919	-0.00322876344618	-0.124018238876
3.55721959802	-0.0198225390861	-0.153249793896
3.56307992684	-0.0377827131312	-0.174839793166
3.56894025567	-0.0566001601107	-0.187845610227
3.5748005845	-0.0755556835984	-0.191876069861
3.58066091332	-0.0937498441927	-0.187153197201
3.58652124215	-0.110154326555	-0.174528939661
3.59238157098	-0.123682106355	-0.155450929139
3.59824189981	-0.13327164094	-0.131875371598
3.60410222863	-0.137978567657	-0.106129779568
3.60996255746	-0.137067145418	-0.0807331104251
3.61582288629	-0.130093077269	-0.0581854872647
3.62168321511	-0.116969508361	-0.0407435863607
3.62754354394	-0.098008939993	-0.0302005286516
3.63340387277	-0.0739354940384	-0.0276903409624
3.63926420159	-0.0458642840105	-0.0335365052344
3.64512453042	-0.0152474107009	-0.0471616971922
3.65098485925	0.0162109399898	-0.0670716148461
3.65684518808	0.0466649348414	-0.0909200805869
3.6627055169	0.0742551729465	-0.11565580559
3.66856584573	0.097244589472	-0.137743904011
3.67442617456	0.114151254299	-0.153448094345
3.68028650338	0.123866969625	-0.159153207058
3.68614683221	0.125751393532	-0.151702768203
3.69200716104	0.119693179268	-0.128723575619
3.69786748986	0.106132181223	-0.0889086881023
3.70372781869	0.0860399181935	-0.0322322604558
3.70958814752	0.0608589242397	0.0399259007465
3.71544847635	0.032405048366	0.124761624214
3.72130880517	0.00273987682102	0.218140902043
3.727169134	-0.0259770334089	0.31480596559
3.73302946283	-0.0516447269676	0.40868197503
3.73888979165	-0.0723741161125	0.493264802692
3.74475012048	-0.0866261180574	0.56206321558
3.75061044931	-0.0933241112079	0.609063636497
3.75647077814	-0.0919322804391	0.629183045409
3.76233110696	-0.0824941971691	0.618675713384
3.76819143579	-0.0656291569999	0.575462341058
3.77405176462	-0.0424870980282	0.499355565357
3.77991209344	-0.0146660683817	0.392163253076
3.78577242227	0.0159010511369	0.257659899863
3.7916327511	0.0470817412564	0.101426069673
3.79749307992	0.0766907654312	-0.069434630237
3.80335340875	0.102638100889	-0.24668278985
3.80921373758	0.123067470877	-0.421409118831
3.81507406641	0.136476146381	-0.584548225512
3.82093439523	0.141808405349	-0.727406474699
3.82679472406	0.138517230688	-0.84216968215
3.83265505289	0.126591298973	-0.922358374922
3.83851538171	0.106546855492	-0.96320251614
3.84437571054	0.0793864923454	-0.961913565884
3.85023603937	0.0465289735446	-0.91783901696
3.85609636819	0.00971594912947	-0.832492527029
3.86195669702	-0.0290974219732	-0.709460869901
3.86781702585	-0.0678603071483	-0.554196580003
3.87367735468	-0.104544808265	-0.373711866125
3.8795376835	-0.137258123034	-0.176194726286
3.88539801233	-0.164341943849	0.0294280687713
3.89125834116	-0.184454018716	0.233954480884
3.89711866998	-0.196628259223	0.428370349725
3.90297899881	-0.2003113417	0.604286778797
3.90883932764	-0.195375296782	0.754329253439
3.91469965647	-0.182107020355	0.872460020971
3.92055998529	-0.161176885392	0.954220108056
3.92642031412	-0.133589631712	0.996882637783
3.93228064295	-0.10062142467	0.999514480619
3.93814097177	-0.0637473919905	0.962948399806
3.9440013006	-0.0245640781915	0.889672451078
3.94986162943	0.015288877165	0.783647247535
3.95572195825	0.0542038900684	0.650064650405
3.96158228708	0.0906740021831	0.495063412623
3.96744261591	0.123352126519	0.325418269761
3.97330294474	0.151098964289	0.148218987029
3.97916327356	0.173018351584	-0.0294449722655
3.98502360239	0.188479534931	-0.200780058301
3.99088393122	0.197126554101	-0.359552558564
3.99674426004	0.19887549906	-0.50031138819
4.00260458887	0.193900885662	-0.618563041009
4.0084649177	0.182612751314	-0.710894788745
4.01432524653	0.165626305846	-0.77504491518
4.02018557535	0.143726090306	-0.809921253605
4.02604590418	0.117826608916	-0.815571462155
4.03190623301	0.0889313225155	-0.793110254139
4.03776656183	0.0580917427418	-0.74461015854
4.04362689066	0.026368162696	-0.672963305346
4.04948721949	-0.0052066810089	-0.581722220634
4.05534754831	-0.0356599825648	-0.474927706128
4.06120787714	-0.06410651581	-0.356931611796
4.06706820597	-0.0897710618129	-0.232221743011
4.0729285348	-0.112005370688	-0.105255338081
4.07878886362	-0.130299641022	0.0196934280299
4.08464919245	-0.144288698043	0.138667548271
4.09050952128	-0.153753214715	0.248139671584
4.0963698501	-0.158616445785	0.345100887004
4.10223017893	-0.158937033545	0.427124803923
4.10809050776	-0.154898497736	0.492406929192
4.11395083658	-0.146796044721	0.539780226625
4.11981116541	-0.135021328039	0.568708494184
4.12567149424	-0.120045769612	0.57925979733
4.13153182307	-0.102403013792	0.57206264986
4.13739215189	-0.0826710401134	0.548247938717
4.14325248072	-0.061454408675	0.509379754472
4.14911280955	-0.0393670571576	0.45737832662
4.15497313837	-0.017016012169	0.394438187536
4.1608334672	0.00501367915659	0.322944517996
4.16669379603	0.026172547694	0.245390378995
4.17255412486	0.0459586362652	0.164297227492
4.17841445368	0.0639276263677	0.0821407660505
4.18427478251	0.0797010629043	0.00128380486772
4.19013511134	0.0929726242406	-0.0760825648546
4.19599544016	0.103512420376	-0.147988561532
4.20185576899	0.111169330728	-0.212725500663
4.20771609782	0.115871415894	-0.268875543707
4.21357642664	0.117624456731	-0.315331472
4.21943675547	0.116508691564	-0.351306810978
4.2252970843	0.112673841241	-0.376336851498
4.23115741313	0.106332534151	-0.390271295254
4.23701774195	0.0977522708942	-0.393259390641
4.24287807078	0.0872461011845	-0.385728525413
4.24873839961	0.0751622230011	-0.36835730586
4.25459872843	0.0618727540861	-0.342044182286
4.26045905726	0.0477619661628	-0.30787268159
4.26631938609	0.0332143100714	-0.267074284249
4.27217971492	0.0186025928229	-0.220989939889
4.27804004374	0.0042766930538	-0.171031157909
4.28390037257	-0.00944678260347	-0.118641541903
4.2897607014	-0.0222934953006	-0.0652595632289
4.29562103022	-0.0340386246266	-0.0122832933232
4.30148135905	-0.0445120035236	0.0389622610797
4.30734168788	-0.0536008138504	0.0872546496558
4.3132020167	-0.0612495896765	0.131499799053
4.31906234553	-0.0674573725323	0.170753735434
4.32492267436	-0.0722719877172	0.204239854159
4.33078300319	-0.0757815622609	0.231361457046
4.33664333201	-0.0781035790049	0.251709359013
4.34250366084	-0.0793719496547	0.265064456082
4.34836398967	-0.0797227810548	0.271395248006
4.35422431849	-0.0792796886781	0.270850422729
4.36008464732	-0.0781396624301	0.263746736573
4.36594497615	-0.0763605943294	0.250552562106
4.37180530497	-0.073951617888	0.231867621582
4.3776656338	-0.0708673695299	0.208399571909
4.38352596263	-0.0670071512727	0.180938249492
4.38938629146	-0.0622197444222	0.150328509871
4.39524662028	-0.0563142960958	0.117442696278
4.40110694911	-0.0490772817853	0.0831538306112
4.40696727794	-0.0402950546057	0.0483106278303
4.41282760676	-0.0297809516073	0.0137153798292
4.41868793559	-0.0174053753622	-0.0198943695238
4.42454826442	-0.00312674944713	-0.0518596328609
4.43040859325	0.0129791893975	-0.0816088104766
4.43626892207	0.0306945971632	-0.108661405099
4.4421292509	0.0496421670061	-0.132626841813
4.44798957973	0.0692780200827	-0.153198988678
4.45384990855	0.0888972462783	-0.17014732973
4.45971023738	0.10765380836	-0.183306045475
4.46557056621	0.124595559014	-0.19256247133
4.47143089503	0.138713922729	-0.197846499367
4.47729122386	0.149006435015	-0.199122438075
4.48315155269	0.154548910675	-0.196384634335
4.48901188152	0.154572655269	-0.189657791703
4.49487221034	0.148540979503	-0.17900240632
4.50073253917	0.136218468103	-0.164525121051
4.506592868	0.117726125151	-0.146393121211
4.51245319682	0.0935757726846	-0.124851026814
4.51831352565	0.0646779829751	-0.10023815075
4.52417385448	0.0323193870336	-0.0730035656297
4.53003418331	-0.00189263182392	-0.0437162239578
4.53589451213	-0.0361172025015	-0.0130674612353
4.54175484096	-0.0683955902404	0.0181363893914
4.54761516979	-0.0967885903968	0.0489928289834
4.55347549861	-0.119526343155	0.0785340361729
4.55933582744	-0.135158991397	0.105769085083
4.56519615627	-0.142695187605	0.129735593613
4.57105648509	-0.141715089533	0.149557574578
4.57691681392	-0.132445329774	0.164505146034
4.58277714275	-0.115785560048	0.174050950827
4.58863747158	-0.0932794945525	0.177917764824
4.5944978004	-0.067027716681	0.176111930906
4.60035812923	-0.0395445550786	0.168937986596
4.60621845806	-0.0135666597725	0.156991143886
4.61207878688	0.0081739721867	0.141126054606
4.61793911571	0.0231953752658	0.122402416698
4.62379944454	0.0295090676984	0.102010258127
4.62965977336	0.0258396882143	0.08117995252
4.63552010219	0.011799279803	0.0610839371569
4.64138043102	-0.0120029367637	0.0427384944628
4.64724075985	-0.0439301224272	0.0269146345551
4.65310108867	-0.0813755182479	0.0140669517708
4.6589614175	-0.120909844435	0.00428827449759
4.66482174633	-0.158512093622	-0.00270397271169
4.67068207515	-0.189869619312	-0.00754638938076
4.67654240398	-0.21072643326	-0.0111730071215
4.68240273281	-0.217253133971	-0.0147266184101
4.68826306164	-0.206408471899	-0.0194443852631
4.69412339046	-0.17626162329	-0.0265268872859
4.69998371929	-0.126245983964	-0.0370018463903
4.70584404812	-0.0573196534612	-0.0515948838485
4.71170437694	0.0279855391859	-0.0706196738579
4.71756470577	0.125636134703	-0.0938987108976
4.7234250346	0.230290349041	-0.120723672851
4.72928536342	0.33560278945	-0.149861213627
4.73514569225	0.434621468997	-0.179606226292
4.74100602108	0.520250062861	-0.207880516649
4.74686634991	0.585742474012	-0.232370788912
4.75272667873	0.625193486268	-0.25069623967
4.75858700756	0.633988870648	-0.260593216268
4.76444733639	0.609180816825	-0.260102584349
4.77030766521	0.549759774495	-0.247744835229
4.77616799404	0.456801269861	-0.222668606157
4.78202832287	0.333475385237	-0.184760130777
4.78788865169	0.1849166043	-0.1347040217
4.79374898052	0.0179618239106	-0.0739894610882
4.79960930935	-0.15922627753	-0.00486002287484
4.80546963818	-0.337625356977	0.0697903779467
4.811329967	-0.507877876353	0.14656886922
4.81719029583	-0.660839204439	0.22177230432
4.82305062466	-0.788113617948	0.291600530191
4.82891095348	-0.88254401075	0.352379852827
4.83477128231	-0.938625001192	0.400781742098
4.84063161114	-0.952814964277	0.434022358244
4.84649193997	-0.9237297989	0.450030050777
4.85235226879	-0.852209382684	0.447570417571
4.85821259762	-0.741256052755	0.426321598594
4.86407292645	-0.595852485766	0.386895958534
4.86993325527	-0.422673504827	0.330807913829
4.8757935841	-0.229712183866	0.260391118609
4.88165391293	-0.0258448437493	0.178671304621
4.88751424175	0.179638032711	0.0892035803313
4.89337457058	0.377507333225	-0.00411520298426
4.89923489941	0.559050789793	-0.0972473911938
4.90509522824	0.716484547149	-0.186216925066
4.91095555706	0.843300884087	-0.267301881762
4.91681588589	0.934536951797	-0.337207044232
4.92267621472	0.986954729159	-0.393208116391
4.92853654354	0.999127889858	-0.433261317692
4.93439687237	0.971436585591	-0.456074424177
4.9402572012	0.905975975059	-0.461137710784
4.94611753003	0.806388432163	-0.448715541143
4.95197785885	0.677632580408	-0.419801416398
4.95783818768	0.525704527419	-0.376041031905
4.96369851651	0.357327886197	-0.319629228565
4.96955884533	0.179629403224	-0.253187625147
4.97541917416	-0.000183645037518	-0.179630170581
4.98127950299	-0.17512954854	-0.102023880122
4.98713983181	-0.338729045668	-0.023451658603
4.99300016064	-0.485242752581	0.0531165723939
4.99886048947	-0.609861633233	0.124939166967
5.0047208183	-0.708845829222	0.189600306819
5.01058114712	-0.779609935201	0.245086866439
5.01644147595	-0.820755380802	0.289842881948
5.02230180478	-0.832052858115	0.322801106763
5.0281621336	-0.814379637269	0.343392229944
5.03402246243	-0.769618093456	0.351533282281
5.03988279126	-0.700522806524	0.347597530478
5.04574312008	-0.610564193968	0.332368744115
5.05160344891	-0.503756825987	0.306983108261
5.05746377774	-0.384480390262	0.272862252383
5.06332410657	-0.257300778698	0.231640887748
5.06918443539	-0.126798020407	0.18509241178
5.07504476422	0.00259315138076	0.135055574191
5.08090509305	0.126725372595	0.0833649341951
5.08676542187	0.241859763638	0.0317873994258
5.0926257507	0.344763628479	-0.0180333463445
5.09848607953	0.432783384555	-0.0646232216263
5.10434640836	0.503892402177	-0.106714123453
5.11020673718	0.556714358947	-0.143269964162
5.11606706601	0.590523513811	-0.173502460159
5.12192739484	0.605223961455	-0.196877137931
5.12778772366	0.601310433688	-0.213110332983
5.13364805249	0.579813569742	-0.222158199828
5.13950838132	0.542232788362	-0.224198924802
5.14536871014	0.490459972587	-0.2196094404
5.15122903897	0.426697138676	-0.208937984996
5.1570893678	0.353371121846	-0.192873841664
5.16294969663	0.27304809243	-0.172215532408
5.16881002545	0.188350435752	-0.147838647767
5.17467035428	0.101878205223	-0.120664365176
5.18053068311	0.0161370067983	-0.0916295610041
5.18639101193	-0.066526191965	-0.0616592588284
5.19225134076	-0.143978201597	-0.0316419876486
5.19811166959	-0.214344930461	-0.00240845524811
5.20397199842	-0.276046456416	0.0252862200206
5.20983232724	-0.327821737927	0.05077662562
5.21569265607	-0.368743136619	0.0734975590815
5.2215529849	-0.398221171788	0.0929910724168
5.22741331372	-0.41600013675	0.108910298404
5.23327364255	-0.422145375912	0.121020365304
5.23913397138	-0.417023150831	0.129196746656
5.2449943002	-0.401274115852	0.133421409211
5.25085462903	-0.375781483204	0.13377711698
5.25671495786	-0.341634988528	0.130440225902
5.26257528669	-0.300091775703	0.123672265477
5.26843561551	-0.252535308981	0.113810555217
5.27429594434	-0.200433394361	0.101258049385
5.28015627317	-0.14529635298	0.0864725479934
5.28601660199	-0.0886363383346	0.0699553601796
5.29187693082	-0.031928726379	0.052239462812
5.29773725965	0.0234235672287	0.0338771670418
5.30359758847	0.0761220757733	0.0154272930899
5.3094579173	0.125000409243	-0.00255813756237
5.31531824613	0.169046967559	-0.0195476505379
5.32117857496	0.207422311579	-0.0350444075937
5.32703890378	0.239470902667	-0.0486004547459
5.33289923261	0.264727072195	-0.0598308461275
5.33875956144	0.282915244388	-0.0684272448494
5.34461989026	0.293944608175	-0.074170482545
5.35048021909	0.29789861389	-0.0769414473186
5.35634054792	0.295019854667	-0.0767295791866
5.36220087675	0.285691073835	-0.0736381974461
5.36806120557	0.270413209473	-0.0678858801138
5.3739215344	0.249781533788	-0.0598031744595
5.37978186323	0.224461054278	-0.0498240494927
5.38564219205	0.195162401009	-0.0384717113779
5.39150252088	0.162619415402	-0.0263386906735
5.39736284971	0.127569569053	-0.0140614686257
5.40322317853	0.0907381689179	-0.00229032336472
5.40908350736	0.0528270467352	0.00834447745567
5.41494383619	0.0145080925956	0.0172685642063
5.42080416502	-0.0235784094692	0.0239994493318
5.42666449384	-0.060821127898	0.0281802927062
5.43252482267	-0.0966316454816	0.0296089244451
5.4383851515	-0.130436388284	0.0282595574273
5.44424548032	-0.16166821698	0.0242947778724
5.45010580915	-0.189759601679	0.0180657820271
5.45596613798	-0.214139368257	0.0100994375598
5.4618264668	-0.234234879673	0.0010715764114
5.46768679563	-0.249481179289	-0.00823306486261
5.47354712446	-0.259338071911	-0.0169727111885
5.47940745329	-0.263315369917	-0.0243095073795
5.48526778211	-0.261005627827	-0.0294757492299
5.49112811094	-0.252122694227	-0.0318406361462
5.49698843977	-0.236543411787	-0.0309721492602
5.50284876859	-0.214348897262	-0.0266884033477
5.50870909742	-0.185861145175	-0.0190930351445
5.51456942625	-0.151670329801	-0.00858992168754
5.52042975508	-0.112648223426	0.00412622668195
5.5262900839	-0.0699436696491	0.0181051303058
5.53215041273	-0.024957072952	0.0322016967567
5.53801074156	0.0207076355057	0.0451595877263
5.54387107038	0.0653132019022	0.0557125671519
5.54973139921	0.107078915796	0.0626964460517
5.55559172804	0.144285400587	0.0651627050839
5.56145205686	0.175387503417	0.0624837784595
5.56731238569	0.199126748805	0.0544397012076
5.57317271452	0.214633712621	0.0412764741863
5.57903304335	0.221510360973	0.0237281261365
5.58489337217	0.219883016092	0.00299699503294
5.590753701	0.210418211152	-0.0193099400213
5.59661402983	0.194296234747	-0.0412870142674
5.60247435865	0.173140497036	-0.0608724258083
5.60833468748	0.148904727909	-0.0760178201536
5.61419501631	0.123724114193	-0.0848720482885
5.62005534514	0.0997404119454	-0.0859638532479
5.62591567396	0.0789144237853	-0.078367084862
5.63177600279	0.0628416219752	-0.0618323206144
5.63763633162	0.0525878003055	-0.0368705624623
5.64349666044	0.048561229111	-0.0047779215317
5.64935698927	0.0504357802114	0.0324053151188
5.6552173181	0.0571359495142	0.0720024631045
5.66107764692	0.0668898614629	0.110870468845
5.66693797575	0.0773505659638	0.145621841674
5.67279830458	0.0857797278396	0.172883005535
5.67865863341	0.089281729029	0.189569561386
5.68451896223	0.0850708432373	0.193156460003
5.69037929106	0.0707500517611	0.181920416361
5.69623961989	0.0445777018293	0.155133179906
5.70209994871	0.00569787286728	0.113187460707
5.70796027754	-0.0456878634262	0.0576421730247
5.71382060637	-0.108225703142	-0.0088201901987
5.71968093519	-0.179404601462	-0.0825243067817
5.72554126402	-0.25564665607	-0.159014031185
5.73140159285	-0.332490739138	-0.233332089027
5.73726192168	-0.404859352054	-0.300348194075
5.7431222505	-0.467391412511	-0.355112118375
5.74898257933	-0.514817686141	-0.393205900133
5.75484290816	-0.542351385936	-0.411069083455
5.76070323698	-0.54606446534	-0.406272668184
5.76656356581	-0.523220514579	-0.377721147358
5.77242389464	-0.472537914391	-0.325767304148
5.77828422347	-0.394361781073	-0.252230880588
5.78414455229	-0.290729843584	-0.160319282426
5.79000488112	-0.165325176608	-0.0544555769078
5.79586520995	-0.0233170318201	0.0599743836838
5.80172553877	0.128900810261	0.176938316012
5.8075858676	0.284057349017	0.290115783841
5.81344619643	0.434414465064	0.393274363938
5.81930652525	0.572212680238	0.480638975858
5.82516685408	0.690123236989	0.547230735975
5.83102718291	0.781677116083	0.589154392868
5.83688751174	0.841643661144	0.603817437232
5.84274784056	0.866335388892	0.590068997493
5.84860816939	0.853820972416	0.548252223861
5.85446849822	0.804034834686	0.480169605179
5.86032882704	0.718778771414	0.388966148764
5.86618915587	0.601618017904	0.278940224659
5.8720494847	0.457680696323	0.155295842895
5.87790981353	0.293375206483	0.0238529911242
5.88377014235	0.116044525592	-0.109265701828
5.88963047118	-0.0664206591968	-0.23795331281
5.89549080001	-0.245986650135	-0.356424093789
5.90135112883	-0.414876058707	-0.459489986267
5.90721145766	-0.565940078032	-0.542794750844
5.91307178649	-0.692984800216	-0.602995532648
5.91893211531	-0.791036380424	-0.637885283511
5.92479244414	-0.85653419962	-0.646453159285
5.93065277297	-0.887445845603	-0.628883571792
5.9365131018	-0.883302402858	-0.586497798051
5.94237343062	-0.845156931268	-0.521644775928
5.94823375945	-0.775472884017	-0.437549835269
5.95409408828	-0.677952385973	-0.338131567027
5.9599544171	-0.557316648843	-0.227797808204
5.96581474593	-0.419052285753	-0.111231847874
5.97167507476	-0.269137911554	0.00682049595596
5.97753540358	-0.11376523313	0.121753227576
5.98339573241	0.0409320575663	0.229283588018
5.98925606124	0.189129751833	0.325609779158
5.99511639007	0.325535040038	0.407538018414
6.00097671889	0.445571182881	0.472575777529
6.00683704772	0.545519625254	0.518989854941
6.01269737655	0.622616643979	0.545829610117
6.01855770537	0.675103931689	0.552917184289
6.0244180342	0.702234636564	0.540807795665
6.03027836303	0.704238220568	0.510724195024
6.03613869186	0.682249007205	0.464470081617
6.04199902068	0.638204425091	0.404327707041
6.04785934951	0.57471969878	0.332945047337
6.05371967834	0.49494609773	0.253217824548
6.05958000716	0.402419851827	0.168171342125
6.06544033599	0.300908518594	0.0808466047923
6.07130066482	0.194260997353	-0.00580543193271
6.07716099364	0.0862665920431	-0.0890183481635
6.08302132247	-0.0194724069386	-0.166291099872
6.0888816513	-0.119651156345	-0.235453585027
6.09474198013	-0.211353264526	-0.294716031355
6.10060230895	-0.292120910976	-0.342701968972
6.10646263778	-0.360003545358	-0.378465144947
6.11232296661	-0.41358545621	-0.401491245746
6.11818329543	-0.451993215117	-0.411685712162
6.12404362426	-0.474884599341	-0.409349258455
6.12990395309	-0.48242107153	-0.395142944752
6.13576428192	-0.475226249192	-0.370044803133
6.14162461074	-0.45433303119	-0.335300088509
6.14748493957	-0.421122167116	-0.292367221995
6.1533452684	-0.377255063833	-0.242861425041
6.15920559722	-0.324603530395	-0.18849791639
6.16506592605	-0.265178980158	-0.131036371707
6.17092625488	-0.201063353363	-0.0722281391747
6.1767865837	-0.134343713895	-0.0137674754614
6.18264691253	-0.0670521313987	0.0427521730286
6.18850724136	-0.00111210511567	0.0958760583976
6.19436757019	0.0617075626626	0.144319635075
6.20022789901	0.119830863306	0.186993342007
6.20608822784	0.171904365632	0.223020524297
6.21194855667	0.216818665554	0.251748533437
6.21780888549	0.253721706133	0.272753203074
6.22366921432	0.28202436389	0.285837035311
6.22952954315	0.301398856408	0.291021552086
6.23538987197	0.311770654994	0.288534367802
6.2412502008	0.313304684758	0.278791623789
6.24711052963	0.3063866618	0.262376492284
6.25297085846	0.291600451779	0.240014507732
6.25883118728	0.269702335197	0.212546516337
6.26469151611	0.241593033501	0.180900051784
6.27055184494	0.208288290884	0.146059946863
6.27641217376	0.170888726672	0.10903897875
6.28227250259	0.130549582017	0.0708493213111
6.28813283142	0.0884508929522	0.0324755417916
6.29399316025	0.0457685395892	-0.00515016818984
6.29985348907	0.00364655587674	-0.0411698972696
6.3057138179	-0.0368289600544	-0.0748184985507
6.31157414673	-0.0746540181695	-0.105438187978
6.31743447555	-0.108928680095	-0.132488901058
6.32329480438	-0.138876456045	-0.155554182335
6.32915513321	-0.163860825429	-0.174342533061
6.33501546203	-0.18339854133	-0.188684312458
6.34087579086	-0.197169376186	-0.198524472293
6.34673611969	-0.205021975191	-0.203911596288
6.35259644852	-0.206975508682	-0.204983905329
6.35845677734	-0.20321685872	-0.201953065038
