Time (fs)	Ex (arb. u.)	Ey (arb. u.)
0.503988279126	0.0962369783365	0.120060125862
0.509848607953	0.0965096720979	0.0833987127001
0.51570893678	0.0946934463831	0.0444139836696
0.521569265607	0.0902761882318	0.00500498141083
0.527429594434	0.0828011887132	-0.0328139193982
0.533289923261	0.0719219304946	-0.0670293530878
0.539150252088	0.0574549948238	-0.0957585918302
0.545010580915	0.0394262701386	-0.117384419713
0.550870909742	0.018105683895	-0.130685630127
0.556731238569	-0.00597385348817	-0.134952549
0.562591567396	-0.0320167030063	-0.130076794269
0.568451896223	-0.0589860620193	-0.116605203827
0.57431222505	-0.085647334538	-0.0957495612672
0.580172553877	-0.110631982215	-0.0693463969919
0.586032882704	-0.132518658701	-0.0397646226251
0.591893211531	-0.149926671882	-0.00976285504169
0.597753540358	-0.161615346663	0.0176972976463
0.603613869186	-0.166581834234	0.0396713487716
0.609474198013	-0.164149460689	0.0534708913852
0.61533452684	-0.154038911949	0.0569037944576
0.621194855667	-0.136415439692	0.0484962009503
0.627055184494	-0.111906807936	0.0276765774011
0.632915513321	-0.0815887820931	-0.00509656307448
0.638775842148	-0.0469374346919	-0.0482785544
0.644636170975	-0.00975020288495	-0.0992647035054
0.650496499802	0.0279597465973	-0.154503292748
0.656356828629	0.0640889439669	-0.209693266638
0.662217157456	0.0965800813939	-0.26005725483
0.668077486283	0.123559585279	-0.300673720248
0.67393781511	0.14346598334	-0.326846075886
0.679798143937	0.15515922325	-0.334482164956
0.685658472764	0.15800239575	-0.320455020837
0.691518801591	0.151909339037	-0.282915635538
0.697379130418	0.137354186275	-0.221530696087
0.703239459245	0.115341845523	-0.137622813766
0.709099788072	0.087341421033	-0.0341973763085
0.714960116899	0.055187438785	0.0841516879657
0.720820445726	0.0209561857064	0.211455869605
0.726680774553	-0.0131736911133	0.340695137962
0.73254110338	-0.0450660969879	0.464210801309
0.738401432208	-0.0727674344648	0.57418149839
0.744261761035	-0.0946316812439	0.66313021721
0.750122089862	-0.109422042653	0.724427199713
0.755982418689	-0.116382586593	0.752753216966
0.761842747516	-0.115275678313	0.744490030794
0.767703076343	-0.106383672289	0.698009711887
0.77356340517	-0.0904759672686	0.613841472368
0.779423733997	-0.0687449773031	0.494703234317
0.785284062824	-0.0427166341055	0.345394617446
0.791144391651	-0.0141425747169	0.172557652996
0.797004720478	0.0151179050207	-0.0156794148805
0.802865049305	0.043217769025	-0.210152061666
0.808725378132	0.0684360115451	-0.401173939881
0.814585706959	0.0892781566136	-0.579082801477
0.820446035786	0.104557707481	-0.734783364987
0.826306364613	0.113454424946	-0.860253557833
0.83216669344	0.115547137884	-0.948983763964
0.838027022267	0.110820633009	-0.996323834673
0.843887351094	0.0996478984486	-0.999719229069
0.849747679921	0.0827504927743	-0.958825210185
0.855608008748	0.0611409918609	-0.87549596516
0.861468337575	0.0360522767827	-0.753653283434
0.867328666403	0.00885884637961	-0.599046504212
0.87318899523	-0.0190046210804	-0.418921405693
0.879049324057	-0.0461225341616	-0.221620233313
0.884909652884	-0.0711711450083	-0.0161379547213
0.890769981711	-0.0929812571382	0.188338986834
0.896630310538	-0.11058827733	0.382885623155
0.902490639365	-0.123267994246	0.559259296499
0.908350968192	-0.13055744203	0.710267803215
0.914211297019	-0.132261108329	0.830068476018
0.920071625846	-0.128443526025	0.91438667137
0.925931954673	-0.11940991426	0.960647250186
0.9317922835	-0.105676989407	0.968017718729
0.937652612327	-0.0879363463296	0.93736643849
0.943512941154	-0.0670129220101	0.871143475313
0.949373269981	-0.043821013786	0.773195055473
0.955233598808	-0.0193201565313	0.6485251112
0.961093927635	0.00552710550788	0.503018976391
0.966954256462	0.0297938562201	0.343144941737
0.972814585289	0.0526225398752	0.17564915671
0.978674914116	0.0732528690038	0.007258376272
0.984535242943	0.0910433741199	-0.155596573481
0.99039557177	0.105486416762	-0.307025840853
0.996255900597	0.116216797743	-0.441885758899
1.00211622942	0.123014348608	-0.555938457742
1.00797655825	0.125801091754	-0.645962711165
1.01383688708	0.124633693674	-0.709815325994
1.01969721591	0.119692020217	-0.74644463226
1.02555754473	0.111264638856	-0.755859571973
1.03141787356	0.0997321086866	-0.739059458444
1.03727820239	0.0855488622878	-0.697930655444
1.04313853121	0.0692244226071	-0.635117198952
1.04899886004	0.0513046198368	-0.553872767134
1.05485918887	0.0323533837835	-0.457901426729
1.06071951769	0.0129355917996	-0.351194289628
1.06657984652	-0.00639864475009	-0.237868654256
1.07244017535	-0.0251279674863	-0.122015439871
1.07830050418	-0.0427718330712	-0.00755980699601
1.084160833	-0.0589005334448	0.101861148592
1.09002116183	-0.0731431287537	0.203000784067
1.09588149066	-0.0851933075117	0.293083568633
1.10174181948	-0.0948132368751	0.369863184373
1.10760214831	-0.101835503223	0.431658138676
1.11346247714	-0.106163270949	0.477365749332
1.11932280597	-0.107768807458	0.506456030437
1.12518313479	-0.106690536953	0.51894754108
1.13104346362	-0.10302879648	0.51536765675
1.13690379245	-0.0969404762782	0.496699988774
1.14276412127	-0.088632733172	0.464321817467
1.1486244501	-0.0783559705659	0.419934431473
1.15448477893	-0.0663962808641	0.36548919285
1.16034510775	-0.0530675451301	0.303111990336
1.16620543658	-0.0387033799185	0.235028518359
1.17206576541	-0.0236491122967	0.163492543039
1.17792609424	-0.00825395146518	0.0907190047068
1.18378642306	0.00713649011328	0.0188234740671
1.18964675189	0.0221871905358	-0.0502308605642
1.19550708072	0.0365801099887	-0.11467783277
1.20136740954	0.050019881326	-0.172984043284
1.20722773837	0.0622387198077	-0.223875489168
1.2130880672	0.0730004914026	-0.266355126465
1.21894839603	0.0821038995902	-0.299711655247
1.22480872485	0.0893847730418	-0.323520020914
1.23066905368	0.0947174613461	-0.337634294947
1.23652938251	0.098015372858	-0.342173732269
1.24238971133	0.0992307168739	-0.337502901919
1.24825004016	0.0983535400589	-0.324206854876
1.25411036899	0.0954101722377	-0.303062330025
1.25997069781	0.0904612170636	-0.27500600939
1.26583102664	0.0835992365698	-0.241100820129
1.27169135547	0.0749462835704	-0.202501246701
1.2775516843	0.0646514313089	-0.160418565498
1.28341201312	0.0528884352596	-0.116086849171
1.28927234195	0.0398536377359	-0.0707305118666
1.29513267078	0.0257641924026	-0.0255340820483
1.3009929996	0.010856643619	0.0183852014636
1.30685332843	-0.00461415441886	0.0600014704497
1.31271365726	-0.0203758503774	0.0984005851326
1.31857398608	-0.0361392735401	0.132796471325
1.32443431491	-0.0515991737449	0.162543244168
1.33029464374	-0.0664352830149	0.187143032308
1.33615497257	-0.0803140138897	0.206249523927
1.34201530139	-0.0928911513138	0.219667363576
1.34787563022	-0.103815915299	0.227347634779
1.35373595905	-0.112736762193	0.229379765868
1.35959628787	-0.119309245509	0.225980292728
1.3654566167	-0.12320616674	0.217478998868
1.37131694553	-0.124130108842	0.204303026419
1.37717727436	-0.121828260346	0.186959607064
1.38303760318	-0.116109210846	0.166018094846
1.38889793201	-0.106861138506	0.142091988834
1.39475826084	-0.094070531837	0.115821608836
1.40061858966	-0.0778403108924	0.0878580288863
1.40647891849	-0.0584059611985	0.0588487800518
1.41233924732	-0.0361480944403	0.029425707196
1.41819957614	-0.0115997325035	0.000195207883972
1.42405990497	0.01455339496	-0.0282690973842
1.4299202338	0.0414811180835	-0.0554314053733
1.43578056263	0.0682269483759	-0.0807968118395
1.44164089145	0.093736883114	-0.103912937495
1.44750122028	0.116899091325	-0.1243707373
1.45336154911	0.13659389666	-0.141805215805
1.45922187793	0.151752569747	-0.155896786531
1.46508220676	0.161422474067	-0.166373948448
1.47094253559	0.16483514645	-0.173017801698
1.47680286442	0.161473022684	-0.175668689622
1.48266319324	0.151129836734	-0.174234945884
1.48852352207	0.133959327018	-0.168703364785
1.4943838509	0.110506865857	-0.159150629736
1.50024417972	0.0817190611066	-0.145754567379
1.50610450855	0.0489273053599	-0.128803786233
1.51196483738	0.0138026726977	-0.108704053815
1.5178251662	-0.0217185564886	-0.0859797064998
1.52368549503	-0.0555372177274	-0.0612685051401
1.52954582386	-0.0855174412536	-0.0353086662461
1.53540615269	-0.10963019651	-0.00891731460285
1.54126648151	-0.126105396098	0.0170397017415
1.54712681034	-0.133581858672	0.0416858625759
1.55298713917	-0.131243189377	0.064178220584
1.55884746799	-0.118927253436	0.0837552816326
1.56470779682	-0.0971975461834	0.099785184915
1.57056812565	-0.0673664795955	0.111810279906
1.57642845447	-0.0314633973444	0.119583929859
1.5822887833	0.00785611988847	0.123095477331
1.58814911213	0.0474586122132	0.122579828718
1.59400944096	0.0839328139572	0.118509056127
1.59986976978	0.113830574058	0.111564735772
1.60573009861	0.133933255279	0.102591356627
1.61159042744	0.141524616045	0.0925329133625
1.61745075626	0.134648835916	0.0823565831311
1.62331108509	0.112331621978	0.0729689966624
1.62917141392	0.074743441616	0.0651318692439
1.63503174275	0.023286927856	0.0593844930775
1.64089207157	-0.0394047141795	0.0559806832955
1.6467524004	-0.109565192348	0.0548471441417
1.65261272923	-0.182488066307	0.0555688751027
1.65847305805	-0.252806893157	0.0574052380735
1.66433338688	-0.314846699281	0.0593377968923
1.67019371571	-0.363024117302	0.0601482233858
1.67605404453	-0.392268238368	0.0585216888975
1.68191437336	-0.398430969705	0.0531684996088
1.68777470219	-0.378654835619	0.0429545566028
1.69363503102	-0.331667898077	0.0270297648327
1.69949535984	-0.257979759054	0.00494295886419
1.70535568867	-0.159959173117	-0.0232676410256
1.7112160175	-0.0417821689826	-0.0570179716073
1.71707634632	0.0907508926531	-0.095162815971
1.72293667515	0.230520971561	-0.136025659512
1.72879700398	0.369500841981	-0.177474114467
1.73465733281	0.499244240011	-0.217037514157
1.74051766163	0.61142104376	-0.2520596284
1.74637799046	0.698361856597	-0.279876279519
1.75223831929	0.753574112542	-0.298005232315
1.75809864811	0.772193433958	-0.304334314269
1.76395897694	0.751338312853	-0.297293430051
1.76981930577	0.690342903688	-0.275997003979
1.77567963459	0.590851264884	-0.240345349813
1.78153996342	0.456766087589	-0.191076368572
1.78740029225	0.294055045623	-0.129762571648
1.79326062108	0.110427620267	-0.0587524218
1.7991209499	-0.0850961196393	0.0189409471786
1.80498127873	-0.282696376395	0.0997967553782
1.81084160756	-0.472310945334	0.179979202746
1.81670193638	-0.644203481781	0.255553078452
1.82256226521	-0.789507355185	0.322708226364
1.82842259404	-0.900712280338	0.377978282708
1.83428292286	-0.972065564678	0.418439699907
1.84014325169	-0.999866136307	0.441878641929
1.84600358052	-0.982636997708	0.446915728301
1.85186390935	-0.921169812187	0.433081607914
1.85772423817	-0.818443396005	0.400839716004
1.863584567	-0.679425419595	0.351556050553
1.86944489583	-0.510773151394	0.287419146939
1.87530522465	-0.320454245568	0.211316407345
1.88116555348	-0.11731213827	0.126675370636
1.88702588231	0.0893975389559	0.0372802575947
1.89288621114	0.290472985953	-0.0529248782942
1.89874653996	0.477209612463	-0.140034838313
1.90460686879	0.641798507025	-0.220372752376
1.91046719762	0.777661649623	-0.290660436122
1.91632752644	0.879710194691	-0.348161398921
1.92218785527	0.944517236848	-0.390790316837
1.9280481841	0.970401631512	-0.417185048248
1.93390851292	0.957424367287	-0.426739592911
1.93976884175	0.907303413717	-0.419598631114
1.94562917058	0.823256691533	-0.396616301326
1.95148949941	0.709785691964	-0.359283581677
1.95734982823	0.57241423115	-0.309629961844
1.96321015706	0.417397851521	-0.25010598751
1.96907048589	0.251419515109	-0.18345371975
1.97493081471	0.0812865610531	-0.112572193577
1.98079114354	-0.0863574578082	-0.0403846235315
1.98665147237	-0.245294341725	0.0302865528663
1.99251180119	-0.389956777591	0.0968316113115
1.99837213002	-0.515610908795	0.156948357977
2.00423245885	-0.618491591216	0.208716912068
2.01009278768	-0.695888503117	0.250652746621
2.0159531165	-0.746183615613	0.281737449574
2.02181344533	-0.768842597497	0.301427741167
2.02767377416	-0.764364456195	0.309644219348
2.03353410298	-0.734195064103	0.306742071599
2.03939443181	-0.680611169593	0.29346657144
2.04525476064	-0.606582049659	0.270896565172
2.05111508947	-0.515616150188	0.240379353692
2.05697541829	-0.411599918261	0.203460399005
2.06283574712	-0.298635607173	0.1618111556
2.06869607595	-0.180884183361	0.117158068183
2.07455640477	-0.0624186420617	0.0712154171008
2.0804167336	0.0529078987448	0.0256242599409
2.08627706243	0.161575955927	-0.0181007596409
2.09213739125	0.260492933774	-0.0586154604187
2.09799772008	0.34706450123	-0.0947802442876
2.10385804891	0.419243647461	-0.125683968907
2.10971837774	0.47555780334	-0.150657675365
2.11557870656	0.515115139726	-0.169278643463
2.12143903539	0.537591752503	-0.181365554879
2.12729936422	0.543201912299	-0.186965785741
2.13315969304	0.532653893065	-0.186336024258
2.13902002187	0.507094102992	-0.179917517823
2.1448803507	0.468042333077	-0.168307301993
2.15074067953	0.41732092578	-0.152226757104
2.15660100835	0.356980563827	-0.13248878468
2.16246133718	0.289225203468	-0.109964803376
2.16832166601	0.216338443548	-0.0855526416081
2.17418199483	0.140613346992	-0.0601462596926
2.18004232366	0.0642874286423	-0.0346080761585
2.18590265249	-0.0105157946652	-0.00974450834591
2.19176298131	-0.0818376186972	0.0137148270648
2.19762331014	-0.147926576122	0.0351339666665
2.20348363897	-0.207272020919	0.0539833674196
2.2093439678	-0.25862870903	0.0698485836664
2.21520429662	-0.301032471615	0.0824349666889
2.22106462545	-0.333807307415	0.0915685979335
2.22692495428	-0.356564417513	0.0971937460251
2.2327852831	-0.369193867609	0.0993671972563
2.23864561193	-0.37184968947	0.0982498502533
2.24450594076	-0.364929325954	0.0940959895692
2.25036626958	-0.349048385252	0.0872406621935
2.25622659841	-0.325011702876	0.0780855779441
2.26208692724	-0.29378171791	0.0670839422389
2.26794725607	-0.256445156064	0.0547246107332
2.27380758489	-0.214178978839	0.0415159326041
2.27966791372	-0.168216507349	0.0279696255502
2.28552824255	-0.119814562484	0.0145850032197
2.29138857137	-0.0702223809787	0.00183385675184
2.2972489002	-0.0206529707409	-0.00985372217837
2.30310922903	0.0277425402573	-0.0201022982173
2.30896955786	0.0738971270535	-0.028602553865
2.31482988668	0.116846356241	-0.0351209793648
2.32069021551	0.155742966372	-0.0395075111051
2.32655054434	0.189867500689	-0.0417008357899
2.33241087316	0.218635084011	-0.0417310794688
2.33827120199	0.241598560264	-0.0397196120195
2.34413153082	0.258448321038	-0.0358757243663
2.34999185964	0.269009254607	-0.030489983223
2.35585218847	0.273235324624	-0.0239241416905
2.3617125173	0.271202343717	-0.0165975877278
2.36757284613	0.263099534413	-0.0089704486626
2.37343317495	0.249220463477	-0.0015236382928
2.37929350378	0.229953891568	0.00526366970604
2.38515383261	0.205774995231	0.0109384395765
2.39101416143	0.177237292214	0.0150991108728
2.39687449026	0.144965436868	0.0174207197348
2.40273481909	0.109648857004	0.0176784483165
2.40859514792	0.0720359889423	0.0157680927725
2.41445547674	0.0329286498813	0.0117218561821
2.42031580557	-0.00682411333966	0.00571788218249
2.4261761344	-0.0463335194218	-0.00191793088631
2.43203646322	-0.0846808066401	-0.0107190405881
2.43789679205	-0.120930167527	-0.0200951066071
2.44375712088	-0.154145686105	-0.029358851382
2.4496174497	-0.183412880191	-0.0377625587607
2.45547777853	-0.207865108748	-0.0445430846604
2.46133810736	-0.226714645911	-0.0489734531126
2.46719843619	-0.239287669476	-0.050418316715
2.47305876501	-0.245061796059	-0.0483898408235
2.47891909384	-0.243704165042	-0.0426000012094
2.48477942267	-0.235107487494	-0.0330049418151
2.49063975149	-0.219421001499	-0.0198369929648
2.49650008032	-0.197072982221	-0.00362025695473
2.50236040915	-0.168781410705	0.0148336389409
2.50822073797	-0.135549666432	0.0344519385262
2.5140810668	-0.0986447121336	0.0539501760641
2.51994139563	-0.0595561957799	0.0719037626027
2.52580172446	-0.0199361803137	0.0868389723797
2.53166205328	0.018479234776	0.0973386146155
2.53752238211	0.0539634147862	0.102155858761
2.54338271094	0.0849030754446	0.100328175317
2.54924303976	0.109906191397	0.0912823374077
2.55510336859	0.127906250825	0.0749210571463
2.56096369742	0.138254347319	0.0516822229456
2.56682402625	0.140790405846	0.0225629204691
2.57268435507	0.135885398044	-0.0108975475378
2.5785446839	0.124447769743	-0.0466786649895
2.58440501273	0.107889464983	-0.0823834250473
2.59026534155	0.0880497894013	-0.115382811444
2.59612567038	0.0670787335739	-0.14299238814
2.60198599921	0.047285021998	-0.162669948924
2.60784632803	0.0309577566318	-0.172220405494
2.61370665686	0.0201737437323	-0.16999225049
2.61956698569	0.0166050859335	-0.155049268046
2.62542731452	0.0213430779461	-0.127301837743
2.63128764334	0.0347546216426	-0.087584236544
2.63714797217	0.0563861314858	-0.0376677113415
2.643008301	0.0849272142162	0.0197964301824
2.64886862982	0.118242393936	0.0814041980098
2.65472895865	0.153474068518	0.143191611041
2.66058928748	0.187214101964	0.200881989828
2.66644961631	0.215735451623	0.250172160556
2.67230994513	0.235269526385	0.287037936162
2.67817027396	0.242310107138	0.308036719101
2.68403060279	0.23392112465	0.3105842479
2.68989093161	0.208023778549	0.29318352242
2.69575126044	0.163638652001	0.255586769054
2.70161158927	0.10106071793	0.198875765628
2.70747191809	0.0219493465036	0.125451608158
2.71333224692	-0.070678671032	0.0389316199153
2.71919257575	-0.172557914373	-0.056041951674
2.72505290458	-0.278381944191	-0.154070096196
2.7309132334	-0.382098870632	-0.249324780906
2.73677356223	-0.477276790465	-0.33591433538
2.74263389106	-0.55751502394	-0.408261532146
2.74849421988	-0.616872874107	-0.461468285501
2.75435454871	-0.650285565798	-0.491641724429
2.76021487754	-0.653937289693	-0.496159111266
2.76607520636	-0.625563872438	-0.473853442363
2.77193553519	-0.564662314829	-0.425107218762
2.77779586402	-0.472590909236	-0.351848357642
2.78365619285	-0.352551347117	-0.25744901955
2.78951652167	-0.209452546642	-0.146534733394
2.7953768505	-0.0496642190296	-0.0247171255825
2.80123717933	0.119324183515	0.101731611976
2.80709750815	0.289317100215	0.22624096015
2.81295783698	0.451872321845	0.342317641075
2.81881816581	0.598776797386	0.443910979639
2.82467849464	0.722508704087	0.525745953658
2.83053882346	0.81665719431	0.583604675705
2.83639915229	0.876274640868	0.614541038483
2.84225948112	0.898141201284	0.617018048124
2.84811980994	0.880927686433	0.590962592369
2.85398013877	0.825249563697	0.537737664724
2.8598404676	0.733611940658	0.460037036659
2.86570079642	0.61025207309	0.361711730241
2.87156112525	0.460891885833	0.247541151699
2.87742145408	0.292417834888	0.122964238127
2.88328178291	0.112508924463	-0.0062126375357
2.88914211173	-0.0707643140314	-0.134113965807
2.89500244056	-0.249346597682	-0.255083304774
2.90086276939	-0.415588100776	-0.36394672634
2.90672309821	-0.562598006241	-0.456239200874
2.91258342704	-0.684544573679	-0.528384491779
2.91844375587	-0.776888911415	-0.577822305094
2.92430408469	-0.836544097309	-0.603079696684
2.93016441352	-0.861955888601	-0.603786883486
2.93602474235	-0.853105709466	-0.580640465932
2.94188507118	-0.811440657605	-0.535319511842
2.9477454	-0.739738728227	-0.470361883004
2.95360572883	-0.641920171703	-0.389009550091
2.95946605766	-0.522817795732	-0.295032424451
2.96532638648	-0.387920067714	-0.192540456154
2.97118671531	-0.243101094904	-0.0857934556019
2.97704704414	-0.0943510306588	0.0209826374233
2.98290737297	0.0524807182589	0.123765401092
2.98876770179	0.191918794138	0.218885205401
2.99462803062	0.319063064847	0.303149330232
3.00048835945	0.42975131215	0.373937720151
3.00634868827	0.520679421378	0.42926872547
3.0122090171	0.589477364328	0.467834644676
3.01806934593	0.634741411096	0.489008198318
3.02392967475	0.656024905049	0.492822184858
3.02979000358	0.653791525361	0.479925466479
3.03565033241	0.629336203888	0.451519093556
3.04151066124	0.584679740389	0.409276800197
3.04737099006	0.5224436747	0.355254300586
3.05323131889	0.445712146044	0.291791807044
3.05909164772	0.357887331263	0.221414002202
3.06495197654	0.262544649176	0.146731360746
3.07081230537	0.163293297778	0.0703462638189
3.0766726342	0.0636469087419	-0.00523318479731
3.08253296303	-0.0330917857933	-0.0776693152045
3.08839329185	-0.123929323732	-0.144859298393
3.09425362068	-0.20626092237	-0.204986678377
3.10011394951	-0.277929846529	-0.256559472254
3.10597427833	-0.337266506605	-0.298434802474
3.11183460716	-0.383107816379	-0.329830487065
3.11769493599	-0.414797989098	-0.350324405649
3.12355526481	-0.432172479072	-0.359842776767
3.12941559364	-0.435527181034	-0.35863872366
3.13527592247	-0.425575282461	-0.347262672854
3.1411362513	-0.40339433074	-0.326526226759
3.14699658012	-0.370366136297	-0.297461184237
3.15285690895	-0.328112096032	-0.261275359127
3.15871723778	-0.278426401371	-0.219306774622
3.1645775666	-0.223209406478	-0.172977699696
3.17043789543	-0.164403189356	-0.123749851466
3.17629822426	-0.103931057185	-0.0730819225197
3.18215855308	-0.0436424421582	-0.0223904128183
3.18801888191	0.0147356806544	0.0269854413868
3.19387921074	0.0696400336481	0.0738140377889
3.19973953957	0.119704413815	0.116996658406
3.20559986839	0.163784961955	0.15558735764
3.21146019722	0.200977328658	0.188807410225
3.21732052605	0.230625960343	0.216054391266
3.22318085487	0.252325914919	0.236906093939
3.2290411837	0.265917770447	0.251119605763
3.23490151253	0.271476312237	0.258625961202
3.24076184136	0.269293775407	0.259520866406
3.24662217018	0.259858482669	0.254052051661
3.25248249901	0.243829752625	0.242603849021
3.25834282784	0.222009964563	0.225679617509
3.26420315666	0.195314654124	0.203882646799
3.27006348549	0.164741483692	0.177896163325
3.27592381432	0.131338885894	0.148463040712
3.28178414314	0.0961751224312	0.116365780061
3.28764447197	0.0603084380493	0.0824072753716
3.2935048008	0.0247589246305	0.047392816032
3.29936512963	-0.00951735383312	0.0121137027238
3.30522545845	-0.0416514865332	-0.022667233311
3.31108578728	-0.0708816619194	-0.056228013218
3.31694611611	-0.096569562971	-0.0878977033747
3.32280644493	-0.118212898719	-0.117064431453
3.32866677376	-0.135453821256	-0.143181344294
3.33452710259	-0.148083046183	-0.1657707265
3.34038743142	-0.156039572307	-0.184426588661
3.34624776024	-0.159405985557	-0.198816107927
3.35210808907	-0.15839943359	-0.208680354924
3.3579684179	-0.153358471804	-0.213834763422
3.36382874672	-0.14472610763	-0.214169786802
3.36968907555	-0.133029506148	-0.209652133245
3.37554940438	-0.118856963041	-0.200326876674
3.3814097332	-0.102832895858	-0.186320602027
3.38727006203	-0.0855917446395	-0.167845564348
3.39313039086	-0.0677517992818	-0.145204628169
3.39899071969	-0.0498900724654	-0.118796518187
3.40485104851	-0.0325194006703	-0.0891206703966
3.41071137734	-0.0160689679286	-0.0567807453098
3.41657170617	-0.000869394092701	-0.0224856759558
3.42243203499	0.0128565998753	0.0129530004564
3.42829236382	0.0249971501575	0.0486288100799
3.43415269265	0.0355473308427	0.0835542072112
3.44001302147	0.0445982339631	0.116681613476
3.4458733503	0.052319368277	0.146932240645
3.45173367913	0.0589351805855	0.173232791609
3.45759400796	0.0646969977288	0.194559486994
3.46345433678	0.0698521535468	0.209988115758
3.46931466561	0.0746124604847	0.218748003586
3.47517499444	0.0791244666097	0.220276995483
3.48103532326	0.0834440648364	0.214273833693
3.48689565209	0.0875179583896	0.20074376241
3.49275598092	0.0911742124607	0.180032891367
3.49861630975	0.0941236293162	0.152846879525
3.50447663857	0.0959729838404	0.120249919733
3.5103369674	0.0962502800432	0.083640851974
3.51619729623	0.0944411886443	0.0447045090867
3.52205762505	0.09003477279	0.00533806570473
3.52791795388	0.0825755899693	-0.0324458649107
3.53377828271	0.0717183691679	-0.066635488865
3.53963861153	0.0572808002888	-0.0953493835981
3.54549894036	0.0392896264641	-0.116971305531
3.55135926919	0.0180152691187	-0.130280635025
3.55721959802	-0.00600931772785	-0.134567863884
3.56307992684	-0.0319889678419	-0.129724337492
3.56894025567	-0.0588879049051	-0.11629618456
3.5748005845	-0.0854731175027	-0.0954940636125
3.58066091332	-0.110378180365	-0.069153002694
3.58652124215	-0.1321843244	-0.0396400884259
3.59238157098	-0.149513801888	-0.00971185818599
3.59824189981	-0.161129123461	0.0176723353514
3.60410222863	-0.166030718825	0.0395703515452
3.60996255746	-0.163545122033	0.0532961318485
3.61582288629	-0.153395987631	0.0566598090282
3.62168321511	-0.13575113265	0.0481896234966
3.62754354394	-0.111240334329	0.0273159000592
3.63340387277	-0.0809406948416	-0.00550128994695
3.63926420159	-0.0463288549597	-0.048716068909
3.64512453042	-0.00920199722591	-0.099722910005
3.65098485925	0.0284278029493	-0.154969654852
3.65684518808	0.0644589771489	-0.210155200145
3.6627055169	0.0968368642352	-0.260502506556
3.66856584573	0.123691184269	-0.301090720558
3.67442617456	0.143464279487	-0.327224254826
3.68028650338	0.155020285799	-0.334812224059
3.68614683221	0.157726694786	-0.320729154804
3.69200716104	0.151501790144	-0.283127700005
3.69786748986	0.136824027357	-0.221676319541
3.70372781869	0.114702352571	-0.137699453482
3.70958814752	0.0866094759929	-0.0342043198288
3.71544847635	0.0543829684897	0.084213372623
3.72130880517	0.0201014959718	0.211583430319
3.727169134	-0.0140546580267	0.340884275462
3.73302946283	-0.0459485506324	0.464455839698
3.73888979165	-0.0736265381947	0.574475581599
3.74475012048	-0.0954433366934	0.663465523638
3.75061044931	-0.11016362796	0.724795167581
3.75647077814	-0.117033623616	0.753144773639
3.76233110696	-0.115818409097	0.744895820248
3.76819143579	-0.106803530511	0.698420315496
3.77405176462	-0.0907619357835	0.61424761914
3.77991209344	-0.0688898277222	0.495095997434
3.78577242227	-0.0427170483992	0.345765594456
3.7916327511	-0.0139991520175	0.172899127342
3.79749307992	0.0154007507329	-0.0153743331226
3.80335340875	0.0436320126067	-0.20988931773
3.80921373758	0.0689703121294	-0.400958440484
3.81507406641	0.0899182333317	-0.578918346223
3.82093439523	0.105286782146	-0.734672603323
3.82679472406	0.11425371668	-0.860197971043
3.83265505289	0.116396393354	-0.94898367095
3.83851538171	0.111698675322	-0.996378419621
3.84437571054	0.100533178015	-0.999826588745
3.85023603937	0.083621624646	-0.958982418518
3.85609636819	0.0619772661124	-0.875699152948
3.86195669702	0.0368341310423	-0.753897731308
3.86781702585	0.00956829234235	-0.599326747354
3.87367735468	-0.0183836228898	-0.41923134896
3.8795376835	-0.0456037552124	-0.221953275469
3.88539801233	-0.070765827789	-0.0164871201834
3.89125834116	-0.0926979143712	0.187980910711
3.89711866998	-0.110432553084	0.382525945734
3.90297899881	-0.123242588391	0.55890528331
3.90883932764	-0.130662098909	0.709926538261
3.91469965647	-0.132492669471	0.829746729884
3.92055998529	-0.128796045137	0.91409077773
3.92642031412	-0.119874830813	0.960382992728
3.93228064295	-0.106243355148	0.967790229893
3.93814097177	-0.0885910974134	0.937180110876
3.9440013006	-0.0677411883587	0.871001886263
3.94986162943	-0.0446064570154	0.773100905256
3.95572195825	-0.0201453281998	0.648480175344
3.96158228708	0.00468039264834	0.503024072969
3.96744261591	0.0289441502028	0.343199914662
3.97330294474	0.0517883700742	0.175752876134
3.97916327356	0.072452370189	0.00740875703596
3.98502360239	0.0902939190781	-0.155402534902
3.99088393122	0.104804263164	-0.306792011137
3.99674426004	0.115616755757	-0.441616795414
4.00260458887	0.122509476433	-0.555639720585
4.0084649177	0.125402426423	-0.645640161947
4.01432524653	0.124350023997	-0.709475415862
4.02018557535	0.119529707433	-0.746094181554
4.02604590418	0.111227488812	-0.755505643629
4.03190623301	0.0998212972548	-0.738709226879
4.03776656183	0.0857629138276	-0.69759127236
4.04362689066	0.0695592398208	-0.634795657417
4.04948721949	0.0517535625437	-0.553575765448
4.05534754831	0.032907393979	-0.457635234011
4.06120787714	0.0135833626386	-0.350964615583
4.06706820597	-0.00567045802084	-0.237680526085
4.0729285348	-0.024334496468	-0.121873089592
4.07878886362	-0.0419297072152	-0.00746657244728
4.08464919245	-0.0580275562864	0.101902906122
4.09050952128	-0.0722579240515	0.202989743291
4.0963698501	-0.084314941716	0.293019491278
4.10223017893	-0.0939608259687	0.369746936993
4.10809050776	-0.10102781311	0.431491693136
4.11395083658	-0.105418320954	0.477152162145
4.11981116541	-0.107103486087	0.506199401235
4.12567149424	-0.106120237991	0.518652950332
4.13153182307	-0.102567082098	0.515041082716
4.13739215189	-0.0965987724251	0.49634820361
4.14325248072	-0.0884200615169	0.463952262652
4.14911280955	-0.0782787208139	0.419555073279
4.15497313837	-0.0664580273785	0.365108359458
4.1608334672	-0.0532689122752	0.302738193266
4.16669379603	-0.0390419610431	0.234670261935
4.17255412486	-0.0241194474231	0.163158126519
4.17841445368	-0.00884756825401	0.0904163222622
4.18427478251	0.00643096883065	0.0185598179665
4.19013511134	0.0213838713437	-0.0504489883696
4.19599544016	0.0356955866844	-0.114844895871
4.20185576899	0.04907292948	-0.173095628523
4.20771609782	0.0612499337626	-0.223928442889
4.21357642664	0.0719918709067	-0.266347665556
4.21943675547	0.0810983940794	-0.29964344924
4.2252970843	0.0884057918254	-0.323392241352
4.23115741313	0.0937883578958	-0.337449628237
4.23701774195	0.097158911411	-0.341936352564
4.24287807078	0.0984685299611	-0.337218401288
4.24873839961	0.0977055865325	-0.32388212931
4.25459872843	0.0948942068773	-0.302705421535
4.26045905726	0.0900922846358	-0.274625906529
4.26631938609	0.0833892049218	-0.240707221418
4.27217971492	0.0749034315086	-0.202104293452
4.27804004374	0.064780107275	-0.16002855219
4.28390037257	0.0531888019824	-0.115713920695
4.2897607014	0.040321516101	-0.0703843576255
4.29562103022	0.0263910149856	-0.0252236371233
4.30148135905	0.0116295250099	0.0186520379561
4.30734168788	-0.00371222682821	0.0602180899525
4.3132020167	-0.0193657047673	0.0985618877207
4.31906234553	-0.0350451238331	0.132899038283
4.32492267436	-0.0504480769906	0.162585456824
4.33078300319	-0.0652564921717	0.18712512999
4.33664333201	-0.0791382372083	0.20617359557
4.34250366084	-0.091749733022	0.219537269832
4.34836398967	-0.102739956315	0.227168860504
4.35422431849	-0.111756203986	0.229159206374
4.36008464732	-0.118451944598	0.225725980999
4.36594497615	-0.122496991097	0.217199784626
4.37180530497	-0.123590090074	0.204008221114
4.3776656338	-0.121473836423	0.186658611251
4.38352596263	-0.11595159301	0.165720025689
4.38938629146	-0.106905832763	0.141805325632
4.39524662028	-0.0943170403161	0.115553873535
4.40110694911	-0.078282031752	0.0876155166795
4.40696727794	-0.0590302981563	0.0586363525978
4.41282760676	-0.0369367789299	0.0292466579693
4.41868793559	-0.0125293532569	5.12057928485e-05
4.42454826442	0.0135106681475	-0.0283779835492
4.43040859325	0.0403566374438	-0.0555066028568
4.43626892207	0.0670545466024	-0.0808410653045
4.4421292509	0.0925517226469	-0.103930064944
4.44798957973	0.115736446341	-0.124365333483
4.45384990855	0.135487914898	-0.141782319607
4.45971023738	0.150735064982	-0.155861531639
4.46557056621	0.16052180148	-0.166331218391
4.47143089503	0.164075211843	-0.172971910699
4.47729122386	0.160872472019	-0.175623109457
4.48315155269	0.150701464875	-0.174192096104
4.48901188152	0.133709734103	-0.168664479382
4.49487221034	0.110436377129	-0.159115708024
4.50073253917	0.0818219122121	-0.14572241106
4.506592868	0.0491920812258	-0.128772118872
4.51245319682	0.0142129750534	-0.108669713744
4.51831352565	-0.0211832491112	-0.0859388999343
4.52417385448	-0.0549005425535	-0.0612171031777
4.53003418331	-0.0848050475996	-0.0352425275064
4.53589451213	-0.108868600504	-0.00883261446288
4.54175484096	-0.12532084911	0.0171461542217
4.54761516979	-0.132799282937	0.0418163379872
4.55347549861	-0.130485230083	0.0643338290464
4.55933582744	-0.118213490043	0.0839357931621
4.56519615627	-0.0965438971626	0.0999889212076
4.57105648509	-0.0667848242523	0.112034084779
4.57691681392	-0.0309614263554	0.119823221308
4.58277714275	0.00827482660102	0.123344379467
4.58863747158	0.0477942948084	0.122831377064
4.5944978004	0.0841890561139	0.118755465254
4.60035812923	0.114013677995	0.111797714545
4.60621845806	0.134051513679	0.102802453715
4.61207878688	0.14158753067	0.0927138745065
4.61793911571	0.134666333511	0.0824997018903
4.62379944454	0.112313315293	0.0730674419822
4.62965977336	0.0746979775644	0.0651799757332
4.63552010219	0.0232214567003	0.0593780030245
4.64138043102	-0.0394849242453	0.0559169327022
4.64724075985	-0.109656980883	0.0547251880822
4.65310108867	-0.182590442094	0.055389550302
4.6589614175	-0.252920936125	0.0571711627281
4.66482174633	-0.314975315706	0.0590533095186
4.67068207515	-0.363171668176	0.0598192640654
4.67654240398	-0.392440066717	0.0581556278615
4.68240273281	-0.3986328573	0.0527739197498
4.68826306164	-0.378892422801	0.0425409981804
4.69412339046	-0.331946102103	0.0266074421764
4.69998371929	-0.258302226197	0.00452246003284
4.70584404812	-0.160327797517	-0.0236756601533
4.71170437694	-0.0421967069578	-0.0574030876217
4.71756470577	0.0902930902965	-0.0955151225208
4.7234250346	0.230025094289	-0.136336027905
4.72928536342	0.368974614799	-0.177734424174
4.73514569225	0.498697781023	-0.217240849295
4.74100602108	0.610866593446	-0.25220043817
4.74686634991	0.697813394479	-0.279950501851
4.75272667873	0.753046881535	-0.298010380655
4.75858700756	0.771703395547	-0.304269527583
4.76444733639	0.750901557571	-0.297159485979
4.77030766521	0.689975041514	-0.275796295001
4.77616799404	0.590566819548	-0.240081822506
4.78202832287	0.456577917671	-0.190755426786
4.78788865169	0.293973813908	-0.129390945624
4.79374898052	0.110461331137	-0.0583380067358
4.79960930935	-0.0849424972309	0.0193892780994
4.80546963818	-0.282421185618	0.100269357385
4.811329967	-0.471916006779	0.180465878642
4.81719029583	-0.643694140698	0.256043304073
4.82305062466	-0.788892409012	0.32319137671
4.82891095348	-0.900003790073	0.378443854318
4.83477128231	-0.971278558584	0.418877526337
4.84063161114	-0.999018218603	0.44227910013
4.84649193997	-0.981747877961	0.447269934139
4.85235226879	-0.920260772892	0.433381598873
4.85821259762	-0.817536716442	0.401078618473
4.86407292645	-0.678543773687	0.351728228239
4.86993325527	-0.509938996431	0.287520326298
4.8757935841	-0.31968921761	0.211343775743
4.88165391293	-0.116636469146	0.126627643481
4.88751424175	0.0899655687968	0.0371577118656
4.89337457058	0.290917545007	-0.053120404992
4.89923489941	0.477517753043	-0.140299982266
4.90509522824	0.641960525338	-0.220702689387
4.91095555706	0.77767136061	-0.291048974827
4.91681588589	0.879565113629	-0.348601098141
4.92267621472	0.944218662823	-0.39127262376
4.92853654354	0.969954631421	-0.417700455076
4.93439687237	0.956837662614	-0.42727781051
4.9402572012	0.906589175553	-0.420148778759
4.94611753003	0.822430251853	-0.397167111564
4.95197785885	0.708865180843	-0.359823618579
4.95783818768	0.571420150508	-0.310147849594
4.96369851651	0.41635259622	-0.250590644738
4.96955884533	0.25034685227	-0.183894593657
4.97541917416	0.0802110784814	-0.112959487102
4.98127950299	-0.087410922894	-0.0407095088443
4.98713983181	-0.246301281817	0.0300317404242
4.99300016064	-0.390893589197	0.0966532032389
4.99886048947	-0.516455448474	0.156851209263
5.0047208183	-0.619223699471	0.208704285648
5.01058114712	-0.696490482567	0.250726225839
5.01644147595	-0.74664065092	0.281896878658
5.02230180478	-0.769143106431	0.301671194171
5.0281621336	-0.764500363699	0.309967998968
5.03402246243	-0.734161993991	0.307140740127
5.03988279126	-0.680408551211	0.293933016616
5.04574312008	-0.606213139145	0.271422103379
5.05160344891	-0.515087967736	0.240953871763
5.05746377774	-0.410923104034	0.204072534013
5.06332410657	-0.297824199349	0.16244850972
5.06918443539	-0.179955322544	0.117807453571
5.07504476422	-0.0613922071656	0.0718631241428
5.08090509305	0.0540097168522	0.0262563415048
5.08676542187	0.162729135125	-0.0174981950767
5.0926257507	0.261672146041	-0.058055952968
5.09848607953	0.348243671116	-0.0942766891253
5.10434640836	0.420396530592	-0.12524832886
5.11020673718	0.476658570919	-0.150300702979
5.11606706601	0.51613895476	-0.169009616224
5.12192739484	0.538515324037	-0.181192028312
5.12778772366	0.544004015123	-0.186893370662
5.13364805249	0.533315841949	-0.186368195877
5.13950838132	0.507600172213	-0.180055465314
5.14536871014	0.468380113554	-0.16854982702
5.15122903897	0.417481613436	-0.152570228572
5.1570893678	0.356959173804	-0.132927154688
5.16294969663	0.289020705649	-0.110489686475
5.16881002545	0.215953815718	-0.086153456477
5.17467035428	0.140055543046	-0.0608104298496
5.18053068311	0.0635672607642	-0.0353212846176
5.18639101193	-0.0113838590612	-0.0104910003927
5.19225134076	-0.0828357422134	0.0129518988301
5.19811166959	-0.149033913384	0.0343721605785
5.20397199842	-0.208465149634	0.0532405397988
5.20983232724	-0.259882120455	0.0691424508169
5.21569265607	-0.302319109334	0.0817826495528
5.2215529849	-0.335099142464	0.0909861595248
5.22741331372	-0.357833047532	0.0966957346208
5.23327364255	-0.370411127695	0.0989662110061
5.23913397138	-0.372988262629	0.0979561406989
5.2449943002	-0.365963341311	0.093917121993
5.25085462903	-0.349953992364	0.0871812494716
5.25671495786	-0.32576761067	0.0781471017474
5.26257528669	-0.294369686908	0.0672646714187
5.26843561551	-0.256850432897	0.0550196221731
5.27429594434	-0.214390662623	0.0419172353661
5.28015627317	-0.168227838511	0.0284663853021
5.28601660199	-0.119623126014	0.015163860912
5.29187693082	-0.069830217933	0.00247933320838
5.29773725965	-0.0200665939093	-0.00915874605288
5.30359758847	0.0285122283274	-0.0193760380316
5.3094579173	0.0748350131943	-0.0278637302323
5.31531824613	0.117933390305	-0.0343881967808
5.32117857496	0.15695652472	-0.0387986295874
5.32703890378	0.191181833071	-0.0410323614555
5.33289923261	0.220021835794	-0.0411176030964
5.33875956144	0.243027360534	-0.0391733257149
5.34461989026	0.25988742578	-0.0354060450027
5.35048021909	0.270426232972	-0.0301033070568
5.35634054792	0.274597775177	-0.0236237476136
5.36220087675	0.272478626541	-0.0163836976501
5.36806120557	0.26425950406	-0.00884044350772
5.3739215344	0.250236187023	-0.00147241811515
5.37978186323	0.230800335497	0.00524320190824
5.38564219205	0.206430664571	0.0108547980154
5.39150252088	0.177684805385	0.0149615840003
5.39736284971	0.145192020082	0.0172387003998
5.40322317853	0.109646742952	0.0174607750432
5.40908350736	0.0718027058919	0.0155224406282
5.41494383619	0.0324671893149	0.0114542150588
5.42080416502	-0.00750525985173	0.00543215843362
5.42666449384	-0.0472204603069	-0.00222015706265
5.43252482267	-0.0857544900594	-0.0110385754171
5.4383851515	-0.122166759676	-0.0204350026083
5.44424548032	-0.155517083105	-0.0297240603104
5.45010580915	-0.184887344738	-0.0381593852458
5.45596613798	-0.209408018904	-0.0449784640305
5.4618264668	-0.228289339798	-0.0494540929733
5.46768679563	-0.240856366077	-0.050949756316
5.47354712446	-0.246586568977	-0.0489754932697
5.47940745329	-0.245147942855	-0.0432402496511
5.48526778211	-0.236435051529	-0.0336963610151
5.49112811094	-0.220599949714	-0.0205717619982
5.49698843977	-0.198074626762	-0.00438581792577
5.50284876859	-0.169581577058	0.0140546361395
5.50870909742	-0.136129364199	0.0336813826906
5.51456942625	-0.0989906515367	0.0532139279271
5.52042975508	-0.0596611298958	0.0712307883723
5.5262900839	-0.0197990604446	0.0862602080109
5.53215041273	0.0188532949003	0.0968856066953
5.53801074156	0.0545633618486	0.101859241643
5.54387107038	0.0857123144617	0.100216056006
5.54973139921	0.110903140118	0.0913786692407
5.55559172804	0.129065026921	0.075244089785
5.56145205686	0.139545561197	0.0522431185405
5.56731238569	0.142182029884	0.0233646230059
5.57317271452	0.137343682055	-0.00986111164359
5.57903304335	0.125938172276	-0.0454229922723
5.58489337217	0.10937757041	-0.0809334046568
5.590753701	0.0895021816249	-0.113772242838
5.59661402983	0.0684637989528	-0.141263058081
5.60247435865	0.0485736570099	-0.160870306033
5.60833468748	0.0321239602609	-0.170403894369
5.61419501631	0.0211950806862	-0.16821538585
5.62005534514	0.0174630143089	-0.153369541143
5.62591567396	0.022023143223	-0.125775552268
5.63177600279	0.0352465268926	-0.0862643700939
5.63763633162	0.0566837003007	-0.0366018925696
5.64349666044	0.0850282670972	0.0205677476805
5.64935698927	0.118148560114	0.0818492948986
5.6552173181	0.153190553389	0.143288736164
5.66107764692	0.18674942613	0.200620223012
5.66693797575	0.215101172053	0.249551872044
5.67279830458	0.234479944805	0.286070825597
5.67865863341	0.241381966689	0.30674543397
5.68451896223	0.232873293901	0.30900160004
5.69037929106	0.206876922245	0.291351340425
5.69623961989	0.162414889883	0.253554442631
5.70209994871	0.0997832755312	0.196698552935
5.70796027754	0.0206422036268	0.123188787036
5.71382060637	-0.071991128309	0.0366445672493
5.71968093519	-0.173851234413	-0.058291671752
5.72554126402	-0.279631943321	-0.156222564043
5.73140159285	-0.383281964115	-0.251323415381
5.73726192168	-0.478370329143	-0.337707407538
5.7431222505	-0.558497645945	-0.40980347002
5.74898257933	-0.617724878626	-0.462720752416
5.75484290816	-0.650989309874	-0.492574460464
5.76070323698	-0.654477600433	-0.496750531248
5.76656356581	-0.625928457641	-0.474090985566
5.77242389464	-0.56484214738	-0.424987447346
5.77828422347	-0.472580556829	-0.351376804692
5.78414455229	-0.35234922025	-0.256639794525
5.79000488112	-0.209061044497	-0.145409902758
5.79586520995	-0.0490897633277	-0.0233058980554
5.80172553877	0.120071224839	0.103393855146
5.8075858676	0.290222587619	0.228113741773
5.81344619643	0.452918599522	0.344356521155
5.81930652525	0.599943011922	0.446068698907
5.82516685408	0.723771174743	0.527973551386
5.83102718291	0.817989832382	0.585852559257
5.83688751174	0.877649424963	0.616759995941
5.84274784056	0.899528721099	0.619160206091
5.84860816939	0.882297766923	0.592982325841
5.85446849822	0.826571973028	0.539592463731
5.86032882704	0.734857170256	0.461688326024
5.86618915587	0.61139215979	0.363125627037
5.8720494847	0.461901229452	0.248689133883
5.87790981353	0.293273954762	0.123823691337
5.88377014235	0.113193099308	-0.00565802671889
5.88963047118	-0.0702665656643	-0.133873991922
5.89549080001	-0.249045216212	-0.255161205571
5.90135112883	-0.41548835564	-0.364339309309
5.90721145766	-0.562700503462	-0.456937100353
5.91307178649	-0.68484535106	-0.529372511862
5.91893211531	-0.777379570339	-0.579079803826
5.92479244414	-0.837211936041	-0.604580979579
5.93065277297	-0.862784032225	-0.60550159703
5.9365131018	-0.854073269109	-0.582534009186
5.94237343062	-0.812522986119	-0.537353509206
5.94823375945	-0.740907860137	-0.472494776161
5.95409408828	-0.643145533203	-0.391197366336
5.9599544171	-0.524067241523	-0.297229759418
5.96581474593	-0.389161247847	-0.19470167339
5.97167507476	-0.244303085004	-0.0878740595504
5.97753540358	-0.0954860868111	0.0190245453782
5.98339573241	0.0514354770123	0.12196771121
5.98925606124	0.19098000249	0.217280578952
5.99511639007	0.318240244989	0.301764309328
6.00097671889	0.429046692291	0.372792275252
6.00683704772	0.520088521156	0.42837629362
6.01269737655	0.588990321971	0.467202644669
6.01855770537	0.63434491693	0.488638941363
6.0244180342	0.65570451277	0.492714043155
6.03027836303	0.653534053474	0.480074127633
6.03613869186	0.629131925531	0.451918721883
6.04199902068	0.584524092243	0.409920947188
6.04785934951	0.522338287851	0.356136451397
6.05371967834	0.445665099097	0.292905508855
6.05958000716	0.357912630577	0.222752582694
6.06544033599	0.262661034348	0.148287299999
6.07130066482	0.163522538193	0.0721103224292
6.07716099364	0.0640117911715	-0.00327295900926
6.08302132247	-0.0325695780276	-0.0755285797201
6.0888816513	-0.123231265953	-0.142558301615
6.09474198013	-0.205373506173	-0.202550957627
6.10060230895	-0.276846153131	-0.254020311144
6.10646263778	-0.335987446837	-0.295829418719
6.11232296661	-0.381643011813	-0.327201938641
6.11818329543	-0.413166277579	-0.347721212249
6.12404362426	-0.430402025894	-0.357318256794
6.12990395309	-0.433655171674	-0.356250048227
6.13576428192	-0.42364717219	-0.345069641494
6.14162461074	-0.401462636768	-0.324589777755
6.14748493957	-0.36848878182	-0.295841666751
6.1533452684	-0.326350350436	-0.260030613502
6.15920559722	-0.276842500976	-0.218490088137
6.16506592605	-0.22186397719	-0.172635723696
6.17092625488	-0.163352618383	-0.123920578053
6.1767865837	-0.103224969727	-0.0737928222056
6.18264691253	-0.0433214287607	-0.0236568277477
6.18850724136	0.0146419670908	0.0251615694786
6.19436757019	0.0691143294521	0.0714450469687
6.20022789901	0.118742802773	0.11410961855
6.20608822784	0.162397333018	0.15222408178
6.21194855667	0.199187350303	0.185024029045
6.21780888549	0.228470600792	0.211920506335
6.22366921432	0.249854539063	0.232503532254
6.22952954315	0.263190840286	0.246540802536
6.23538987197	0.268563714097	0.253972001835
6.2412502008	0.266272799472	0.254899224622
6.24711052963	0.256811491513	0.249574069818
6.25297085846	0.240841595302	0.238382018535
6.25883118728	0.219165217901	0.22182473038
6.26469151611	0.192694797536	0.200500900996
6.27055184494	0.162422131881	0.175086312485
6.27641217376	0.129387210196	0.146313680176
6.28227250259	0.0946475839584	0.114952855745
6.28813283142	0.0592489351006	0.0817918898357
6.29399316025	0.0241974270419	0.04761938918
6.29985348907	-0.009565643883	0.0132085254866
6.3057138179	-0.0411864382786	-0.0206970324905
6.31157414673	-0.0699179987094	-0.0533950849233
6.31743447555	-0.0951361526244	-0.0842346841461
6.32329480438	-0.116351586646	-0.112623755774
6.32915513321	-0.133217843592	-0.138034680201
6.33501546203	-0.145535062888	-0.160008055247
6.34087579086	-0.15324936801	-0.178154949978
6.34673611969	-0.156447901349	-0.192158033524
6.35259644852	-0.155349615878	-0.201772013889
6.35845677734	-0.150292051384	-0.206823843167
6.36431710617	-0.141714447918	-0.20721313088
6.370177435	-0.130137677685	-0.202913151592
6.37603776382	-0.116141606456	-0.193972734039
6.38189809265	-0.100340623998	-0.18051917754
6.38775842148	-0.08335820623	-0.16276216138
6.3936187503	-0.0658014839051	-0.140998402529
6.39947907913	-0.0482368845915	-0.115616588413
6.40533940796	-0.0311679747918	-0.0871018807861
6.41119973679	-0.0150166428099	-0.0560390738144
6.41706006561	-0.000108715533964	-0.0231133169854
6.42292039444	0.0133350197297	0.0108927940892
6.42878072327	0.0252016229199	0.0451069739876
6.43464105209	0.0354821645416	0.0785809721449
6.44050138092	0.0442611418982	0.110311163988
6.44636170975	0.0516994799993	0.139266544526
6.45222203858	0.0580119213852	0.164424160464
6.4580823674	0.0634400861015	0.184811393949
6.46394269623	0.0682229255222	0.199553794996
6.46980302506	0.0725666600441	0.20792639658
6.47566335388	0.0766165401626	0.20940569699
6.48152368271	0.0804328668563	0.203718831153
6.48738401154	0.083973622231	0.190885955988
6.49324434036	0.0870857778432	0.171251624541
6.49910466919	0.0895068628956	0.145500991979
