Time (fs)	Ex (arb. u.)	Ey (arb. u.)
0.503988279126	0.106958379187	0.172281341567
0.509848607953	0.0943323785677	0.145963856973
0.51570893678	0.0808961318087	0.115112739596
0.521569265607	0.0668469989145	0.0804007822682
0.527429594434	0.0523007474243	0.0427305424489
0.533289923261	0.0373054918914	0.00321974643348
0.539150252088	0.0218654421857	-0.0368328726426
0.545010580915	0.0059722506126	-0.076001533344
0.550870909742	-0.0103592512622	-0.112805466164
0.556731238569	-0.0270548905611	-0.14579534496
0.562591567396	-0.0439489350967	-0.173648411944
0.568451896223	-0.0607601636827	-0.195264977029
0.57431222505	-0.07708007451	-0.209857850098
0.580172553877	-0.0923761258564	-0.217025847868
0.586032882704	-0.106011547083	-0.216802939421
0.591893211531	-0.117281610446	-0.209675916658
0.597753540358	-0.125464466833	-0.196565669222
0.603613869186	-0.129882900296	-0.178770082529
0.609474198013	-0.129971836381	-0.157870043343
0.61533452684	-0.125345327519	-0.13560373069
0.621194855667	-0.11585618414	-0.113717935749
0.627055184494	-0.101641523675	-0.0938082151578
0.632915513321	-0.0831483088853	-0.0771618762396
0.638775842148	-0.061134409151	-0.0646188155035
0.644636170975	-0.0366427384614	-0.0564648734407
0.650496499802	-0.0109484322324	-0.0523705447656
0.656356828629	0.0145183985387	-0.0513846539716
0.662217157456	0.0382693028285	-0.051988180742
0.668077486283	0.0588663241219	-0.0522081455775
0.67393781511	0.0750342547897	-0.049785800836
0.679798143937	0.0857666972427	-0.042387843895
0.685658472764	0.0904163554583	-0.0278445241309
0.691518801591	0.0887609200588	-0.00439486432942
0.697379130418	0.0810376951558	0.0290828200367
0.703239459245	0.0679426017993	0.072877061059
0.709099788072	0.0505921638152	0.12630612951
0.714960116899	0.0304502674012	0.187653974223
0.720820445726	0.00922459097957	0.254190052484
0.726680774553	-0.0112596643116	0.322277213269
0.73254110338	-0.0291990075302	0.387564451706
0.738401432208	-0.0429528387691	0.445253987611
0.744261761035	-0.0511752282383	0.490425391034
0.750122089862	-0.0529265850098	0.518393994805
0.755982418689	-0.0477560625965	0.525077105813
0.761842747516	-0.0357478753382	0.507339908268
0.767703076343	-0.0175275865701	0.463293613405
0.77356340517	0.00577237965424	0.392521320147
0.779423733997	0.0325855337347	0.296211983003
0.785284062824	0.0610169795549	0.177189435692
0.791144391651	0.0889740066995	0.0398310551355
0.797004720478	0.114311875063	-0.110121251934
0.802865049305	0.13498404559	-0.265847149897
0.808725378132	0.149185964748	-0.419813378952
0.814585706959	0.15548220453	-0.564195242685
0.820446035786	0.152908207039	-0.691326696297
0.826306364613	0.141039938551	-0.794149732318
0.83216669344	0.120027235898	-0.866633974334
0.838027022267	0.0905893176037	-0.904139661432
0.843887351094	0.0539736181152	-0.90370130441
0.849747679921	0.0118815832461	-0.864214857421
0.855608008748	-0.03363283466	-0.786517820332
0.861468337575	-0.0802846546754	-0.673358759563
0.867328666403	-0.125690997638	-0.529259790816
0.87318899523	-0.167507181553	-0.360282118715
0.879049324057	-0.203557336782	-0.173710353827
0.884909652884	-0.231951884534	0.0223243025372
0.890769981711	-0.251185460772	0.219259020954
0.896630310538	-0.260210435393	0.408528152452
0.902490639365	-0.258482940854	0.581981829535
0.908350968192	-0.245980151874	0.732272000914
0.914211297019	-0.223189324297	0.853186477072
0.920071625846	-0.191070699335	0.939915469784
0.925931954673	-0.150997724282	0.989239672767
0.9317922835	-0.10467907277	0.999633825057
0.937652612327	-0.054067633231	0.971284603216
0.943512941154	-0.00126196501215	0.906026311089
0.949373269981	0.0515942880373	0.807201929024
0.955233598808	0.102409853326	0.679460456312
0.961093927635	0.149235556362	0.528504001653
0.966954256462	0.190342494526	0.360799680529
0.972814585289	0.224285742002	0.183272060192
0.978674914116	0.249951646577	0.00299170128095
0.984535242943	0.266587760761	-0.173125626477
0.99039557177	0.27381538069	-0.338596100665
0.996255900597	0.271625500439	-0.487610546553
1.00211622942	0.260359692492	-0.615234319944
1.00797655825	0.240677975419	-0.71755865728
1.01383688708	0.213516117831	-0.791800451196
1.01969721591	0.180035054814	-0.836349974159
1.02555754473	0.141565169583	-0.850768413767
1.03141787356	0.0995481356801	-0.835739111355
1.03727820239	0.0554788446379	-0.792978047995
1.04313853121	0.0108496834001	-0.725110362332
1.04899886004	-0.032900901841	-0.635520501355
1.05485918887	-0.0744339907387	-0.528184008503
1.06071951769	-0.11254875345	-0.407488972336
1.06657984652	-0.14621322452	-0.278054836713
1.07244017535	-0.174586900945	-0.144555663853
1.07830050418	-0.197035135666	-0.0115541047227
1.084160833	-0.213135612532	0.116648670386
1.09002116183	-0.222677452607	0.236142932836
1.09588149066	-0.225653708804	0.343517249444
1.10174181948	-0.222248154146	0.435940372415
1.10760214831	-0.212817360249	0.511217398325
1.11346247714	-0.197869101803	0.567820429544
1.11932280597	-0.178038117149	0.60489485454
1.12518313479	-0.15406021318	0.622243109791
1.13104346362	-0.126745633454	0.620288383891
1.13690379245	-0.0969525195658	0.60002116981
1.14276412127	-0.0655611941723	0.562931866471
1.1486244501	-0.0334498846944	0.510932783343
1.15448477893	-0.00147239350329	0.446272923744
1.16034510775	0.0295618936707	0.371448828879
1.16620543658	0.05890538142	0.289114572791
1.17206576541	0.0858868478322	0.201993726692
1.17792609424	0.109923163351	0.112795778495
1.18378642306	0.130528158576	0.0241391180576
1.18964675189	0.147318726479	-0.0615177017444
1.19550708072	0.160018299651	-0.141935127845
1.20136740954	0.168457880633	-0.215141298467
1.20722773837	0.172574823905	-0.279469756394
1.2130880672	0.17240957462	-0.333586038979
1.21894839603	0.168100565333	-0.376503327368
1.22480872485	0.159877462495	-0.407587625012
1.23066905368	0.148052943416	-0.426553179308
1.23652938251	0.133013175401	-0.433449058254
1.24238971133	0.115207163768	-0.428637945612
1.24825004016	0.095135135527	-0.412768324293
1.25411036899	0.0733361304352	-0.386741280509
1.25997069781	0.0503749803053	-0.351673183823
1.26583102664	0.0268288703041	-0.308855484662
1.27169135547	0.00327369217985	-0.259712825767
1.2775516843	-0.0197295808592	-0.205760592805
1.28341201312	-0.041648244291	-0.148562937333
1.28927234195	-0.0619906568273	-0.0896921983103
1.29513267078	-0.080318168952	-0.0306905316625
1.3009929996	-0.0962558455751	0.0269655636492
1.30685332843	-0.109501618414	0.0818972555964
1.31271365726	-0.119833490395	0.132851474546
1.31857398608	-0.127114419421	0.178724753575
1.32443431491	-0.131294539379	0.218582573732
1.33029464374	-0.132410438037	0.251674064943
1.33615497257	-0.13058130786	0.277441993603
1.34201530139	-0.126001916795	0.295528039163
1.34787563022	-0.118932507893	0.305773426062
1.35373595905	-0.109685921647	0.308215036921
1.35959628787	-0.0986124320495	0.303077191267
1.3654566167	-0.0860829827629	0.290759334445
1.37131694553	-0.0724716876472	0.27181994688
1.37717727436	-0.0581386035433	0.246957056537
1.38303760318	-0.0434138757574	0.216985818036
1.38889793201	-0.0285843824016	0.182813709377
1.39475826084	-0.0138839489125	0.145413988069
1.40061858966	0.000511941392882	0.105798137124
1.40647891849	0.0144862558348	0.0649881097164
1.41233924732	0.0279749893786	0.0239892396503
1.41819957614	0.0409562762062	-0.0162352876049
1.42405990497	0.0534345797858	-0.0547875223093
1.4299202338	0.0654210125894	-0.0908545794456
1.43578056263	0.076911331322	-0.12372451315
1.44164089145	0.0878635860797	-0.152797719183
1.44750122028	0.0981777185691	-0.177593580784
1.45336154911	0.107679552986	-0.197752349273
1.45922187793	0.116111558439	-0.213032552731
1.46508220676	0.123132453158	-0.223304530406
1.47094253559	0.128327157641	-0.228540968999
1.47680286442	0.131227801136	-0.228805539099
1.48266319324	0.131345485976	-0.224240865995
1.48852352207	0.128211387825	-0.215057093524
1.4943838509	0.121424612185	-0.201522195277
1.50024417972	0.11070315202	-0.183954949061
1.50610450855	0.0959334210252	-0.162721126879
1.51196483738	0.0772132916674	-0.138232988903
1.5178251662	0.0548834511064	-0.11095164648
1.52368549503	0.0295422762467	-0.0813913299395
1.52954582386	0.00204035492498	-0.0501241246952
1.53540615269	-0.026547774513	-0.017783389196
1.54126648151	-0.0549752033322	0.0149360988802
1.54712681034	-0.0818958887591	0.0472831589631
1.55298713917	-0.105955553661	0.0784619582626
1.55884746799	-0.12589402221	0.107651494703
1.56470779682	-0.140650867797	0.134033013741
1.57056812565	-0.149464930415	0.156824606044
1.57642845447	-0.151957727907	0.175321212269
1.5822887833	-0.148191190199	0.1889372871
1.58814911213	-0.138691557767	0.197248569464
1.59400944096	-0.124433675769	0.20002888741
1.59986976978	-0.106783146555	0.197277793135
1.60573009861	-0.0873976340237	0.189235141498
1.61159042744	-0.068092712463	0.176379514142
1.61745075626	-0.0506816271612	0.159408618772
1.62331108509	-0.0368017655838	0.139201372246
1.62917141392	-0.0277431261738	0.116763170501
1.63503174275	-0.0242952793888	0.0931576827661
1.64089207157	-0.0266290098552	0.0694301850499
1.6467524004	-0.0342269146853	0.0465287707092
1.65261272923	-0.0458737744724	0.0252305680114
1.65847305805	-0.0597127362531	0.0060802238333
1.66433338688	-0.0733676273738	-0.0106526909216
1.67019371571	-0.0841255509795	-0.024992030083
1.67605404453	-0.0891678683888	-0.0372458262071
1.68191437336	-0.0858323424122	-0.047968560307
1.68777470219	-0.0718851517928	-0.0578967800733
1.69363503102	-0.0457791472959	-0.0678626216659
1.69949535984	-0.0068744152101	-0.0786922350124
1.70535568867	0.0444009282476	-0.0910980169396
1.7112160175	0.106467842558	-0.105574700692
1.71707634632	0.176603742245	-0.122309583219
1.72293667515	0.251045411142	-0.14111642857
1.72879700398	0.325184842035	-0.161400898476
1.73465733281	0.393847445903	-0.182162857047
1.74051766163	0.451634758107	-0.202037787034
1.74637799046	0.493307741322	-0.219376116814
1.75223831929	0.514182599047	-0.232355803959
1.75809864811	0.510509061564	-0.239120373571
1.76395897694	0.479801583756	-0.237932063234
1.76981930577	0.421096782641	-0.227328022895
1.77567963459	0.335115512349	-0.206266821838
1.78153996342	0.224314808411	-0.174252897845
1.78740029225	0.0928229674335	-0.131428019066
1.79326062108	-0.0537403955979	-0.0786211957728
1.7991209499	-0.208549043958	-0.0173515741932
1.80498127873	-0.363941689514	0.0502175964477
1.81084160756	-0.511856339908	0.121372109707
1.81670193638	-0.644298955498	0.192981667972
1.82256226521	-0.753815713793	0.261667930299
1.82842259404	-0.833938188989	0.323994734545
1.83428292286	-0.87957293966	0.376667874812
1.84014325169	-0.887311124806	0.416731165674
1.84600358052	-0.855639466377	0.441745859616
1.85186390935	-0.785040674143	0.449941747102
1.85772423817	-0.677978817917	0.440330332238
1.863584567	-0.538772530819	0.412773157911
1.86944489583	-0.373365842262	0.368001431084
1.87530522465	-0.189012422687	0.307586332293
1.88116555348	0.00610628007118	0.233862546096
1.88702588231	0.203305360988	0.149810404377
1.89288621114	0.393838054627	0.0589044107398
1.89874653996	0.569329540123	-0.0350623228566
1.90460686879	0.722179522046	-0.128167128233
1.91046719762	0.845913105742	-0.216549376968
1.91632752644	0.935463471253	-0.296594026123
1.92218785527	0.987374544767	-0.365097496485
1.9280481841	0.999916927906	-0.4194077618
1.93390851292	0.973115437218	-0.4575324094
1.93976884175	0.908691423097	-0.478210554323
1.94562917058	0.809927319239	-0.480946701628
1.95148949941	0.681464419857	-0.466006814136
1.95734982823	0.529047555723	-0.434378830665
1.96321015706	0.359232071245	-0.387701591279
1.96907048589	0.179069284809	-0.32816748644
1.97493081471	-0.00421350933329	-0.258405110155
1.98079114354	-0.183523374444	-0.181348745827
1.98665147237	-0.352188894853	-0.100101656247
1.99251180119	-0.504212813973	-0.0177999174036
1.99837213002	-0.634481307538	0.0625170207416
2.00423245885	-0.738923770164	0.138023682392
2.01009278768	-0.814619752903	0.206209469911
2.0159531165	-0.859852347816	0.264959901135
2.02181344533	-0.874109751046	0.312616136514
2.02767377416	-0.858038852434	0.348011915034
2.03353410298	-0.813356429661	0.370488107437
2.03939443181	-0.742724828949	0.379886066141
2.04525476064	-0.649599880015	0.376521769515
2.05111508947	-0.538059231761	0.361143401891
2.05697541829	-0.412619338061	0.33487546935
2.06283574712	-0.278049015941	0.299152824931
2.06869607595	-0.139186897061	0.25564807439
2.07455640477	-0.000769259127225	0.206195771168
2.0804167336	0.132726280971	0.152716608435
2.08627706243	0.257216844413	0.097144502147
2.09213739125	0.369126936163	0.0413590590918
2.09799772008	0.46547562296	-0.0128745346089
2.10385804891	0.543937327397	-0.0639566597186
2.10971837774	0.60287635753	-0.110494398278
2.11557870656	0.641356211884	-0.151332094037
2.12143903539	0.659125482082	-0.185571229204
2.12729936422	0.656582805307	-0.212579913953
2.13315969304	0.634723789988	-0.231992634435
2.13902002187	0.595073152342	-0.243701191005
2.1448803507	0.539605466833	-0.24783797758
2.15074067953	0.470657964265	-0.244752905471
2.15660100835	0.390838724561	-0.234985363102
2.16246133718	0.302933426927	-0.219232631291
2.16832166601	0.209813557902	-0.198316148255
2.17418199483	0.114348656742	-0.173146946535
2.18004232366	0.0193248150861	-0.144691473316
2.18590265249	-0.0726287408624	-0.113938864452
2.19176298131	-0.159103558516	-0.0818705790462
2.19762331014	-0.237965331777	-0.0494331237212
2.20348363897	-0.307396103508	-0.0175144113211
2.2093439678	-0.365925031999	0.0130758851592
2.21520429662	-0.412447794979	0.041621799808
2.22106462545	-0.446235005808	0.0675123433973
2.22692495428	-0.466930273538	0.0902487043042
2.2327852831	-0.474538748235	0.109447636626
2.23864561193	-0.46940715461	0.124841394642
2.24450594076	-0.452196432628	0.136274650545
2.25036626958	-0.423848177584	0.143698883676
2.25622659841	-0.385546109778	0.147164754368
2.26208692724	-0.338673811567	0.146812974609
2.26794725607	-0.284769952917	0.142864162982
2.27380758489	-0.225482190356	0.13560812498
2.27966791372	-0.162520871781	0.125392935433
2.28552824255	-0.0976136132243	0.112614121509
2.29138857137	-0.032461734714	0.0977041576693
2.2972489002	0.0313005478332	0.08112239382
2.30310922903	0.0921433778686	0.0633454510347
2.30896955786	0.148674271825	0.0448580422367
2.31482988668	0.199666316003	0.0261441146227
2.32069021551	0.244081088756	0.0076781723881
2.32655054434	0.281085968784	-0.0100833726404
2.33241087316	0.310065610189	-0.0267109552258
2.33827120199	0.330627486327	-0.0418107971934
2.34413153082	0.342601529281	-0.0550340338982
2.34999185964	0.346034022128	-0.0660859188471
2.35585218847	0.341176038922	-0.0747348725868
2.3617125173	0.328466873021	-0.0808210078725
2.36757284613	0.308513045748	-0.0842636340668
2.37343317495	0.282063639459	-0.0850671347053
2.37929350378	0.249982843341	-0.0833245391789
2.38515383261	0.213220725726	-0.0792180881947
2.39101416143	0.172783340406	-0.0730161368073
2.39687449026	0.129703323356	-0.0650658584975
2.40273481909	0.0850121285263	-0.0557814137072
2.40859514792	0.0397149779107	-0.0456275241113
2.41445547674	-0.00523054281798	-0.03509873912
2.42031580557	-0.048931525865	-0.0246950740835
2.4261761344	-0.090571980706	-0.0148951120486
2.43203646322	-0.129420161172	-0.00612805657625
2.43789679205	-0.164831231896	0.00125343952248
2.44375712088	-0.196245895581	0.0069976094935
2.4496174497	-0.22318595073	0.0109729208512
2.45547777853	-0.245248042756	0.0131803734628
2.46133810736	-0.262097075226	0.0137569751282
2.46719843619	-0.273460829345	0.0129691222942
2.47305876501	-0.279127271111	0.0111953094722
2.47891909384	-0.278945789135	0.00889844684138
2.48477942267	-0.272833198129	0.00658902288725
2.49063975149	-0.260784777942	0.00478132904974
2.49650008032	-0.242889930164	0.00394587237211
2.50236040915	-0.219351278938	0.00446183872206
2.50822073797	-0.190505293072	0.00657393417402
2.5140810668	-0.156841849292	0.0103580398116
2.51994139563	-0.119019682635	0.0156998044284
2.52580172446	-0.0778744658945	0.0222895443341
2.53166205328	-0.0344163949646	0.0296356367517
2.53752238211	0.010185327099	0.0370970475691
2.54338271094	0.0546328129485	0.0439338370027
2.54924303976	0.0975450781321	0.0493725908285
2.55510336859	0.137517839437	0.0526819131282
2.56096369742	0.173194825215	0.0532515857919
2.56682402625	0.203346277635	0.0506679412773
2.57268435507	0.226948911768	0.0447775717821
2.5785446839	0.243260570085	0.035731824818
2.58440501273	0.251882338059	0.024005660137
2.59026534155	0.252801092838	0.010386334563
2.59612567038	0.246406409653	-0.00407007646735
2.60198599921	0.233477444506	-0.0181133154915
2.60784632803	0.215137759722	-0.0304005457805
2.61370665686	0.192778893419	-0.0396176596891
2.61956698569	0.167956554626	-0.0446104057507
2.62542731452	0.142266359458	-0.0445135700148
2.63128764334	0.117208690091	-0.0388655719247
2.63714797217	0.0940542431156	-0.027696132481
2.643008301	0.0737228640884	-0.0115762046286
2.64886862982	0.0566881429661	0.00837793753505
2.65472895865	0.0429188769212	0.0305508574859
2.66058928748	0.0318659223288	0.0529243802487
2.66644961631	0.0224993164239	0.0732196022284
2.67230994513	0.0133961341507	0.0890752422584
2.67817027396	0.00287474128874	0.0982491048387
2.68403060279	-0.0108336378806	0.0988264375137
2.68989093161	-0.0293893273891	0.0894173065487
2.69575126044	-0.0541410937969	0.0693250087282
2.70161158927	-0.0859339078438	0.0386690605508
2.70747191809	-0.12494620738	-0.00155061641561
2.71333224692	-0.170573827576	-0.0494572902673
2.71919257575	-0.221374631387	-0.102372395912
2.72505290458	-0.275083295766	-0.156959612235
2.7309132334	-0.328700054962	-0.209429876292
2.73677356223	-0.37865095272	-0.255793817984
2.74263389106	-0.421010860728	-0.29214375338
2.74849421988	-0.451774748051	-0.314944431728
2.75435454871	-0.467157964529	-0.321310460228
2.76021487754	-0.463903071236	-0.309248853114
2.76607520636	-0.439569323663	-0.277847430578
2.77193553519	-0.392781440158	-0.22739363856
2.77779586402	-0.323416748168	-0.159413448865
2.78365619285	-0.232714003204	-0.0766259054056
2.78951652167	-0.123292778405	0.0171848805654
2.7953768505	0.000921134344969	0.117372419758
2.80123717933	0.134861923538	0.218691939601
2.80709750815	0.272572381057	0.31560825418
2.81295783698	0.40751968402	0.402626800727
2.81881816581	0.532958152596	0.474625818615
2.82467849464	0.642315418278	0.527167853261
2.83053882346	0.72957681895	0.556770524746
2.83639915229	0.789643064413	0.561119621514
2.84225948112	0.818638220451	0.539211779856
2.84811980994	0.814148636337	0.491418939756
2.85398013877	0.775378272742	0.419472041258
2.8598404676	0.703211576308	0.326366654054
2.86570079642	0.600181151893	0.216198054915
2.87156112525	0.470343555173	0.0939373737628
2.87742145408	0.319072147369	-0.0348364173919
2.88328178291	0.152780759255	-0.1642318509
2.88914211173	-0.021404376332	-0.288349946796
2.89500244056	-0.196004529663	-0.401581407443
2.90086276939	-0.363559249076	-0.498879923112
2.90672309821	-0.516987308577	-0.575997704911
2.91258342704	-0.649918641851	-0.629672263533
2.91844375587	-0.756980648499	-0.657756806178
2.92430408469	-0.83402565736	-0.659290187671
2.93016441352	-0.878290288642	-0.634505892114
2.93602474235	-0.888481688741	-0.584782828534
2.94188507118	-0.864789842893	-0.512543623
2.9477454	-0.808829148879	-0.421108447951
2.95360572883	-0.723515946089	-0.314514160767
2.95946605766	-0.612891573028	-0.197309587974
2.96532638648	-0.48190266201	-0.0743381927483
2.97118671531	-0.336151717758	0.0494808564876
2.97704704414	-0.181631565674	0.169362966344
2.98290737297	-0.0244570420827	0.280850717216
2.98876770179	0.129393581782	0.379981310833
2.99462803062	0.27431638387	0.46342318204
3.00048835945	0.405289579739	0.528577984089
3.00634868827	0.518044247124	0.573646051549
3.0122090171	0.609193196972	0.597655245635
3.01806934593	0.676315493719	0.600454714707
3.02392967475	0.717996319917	0.58267649778
3.02979000358	0.733823877166	0.545669020327
3.03565033241	0.724346742248	0.491407357636
3.04151066124	0.69099650175	0.422385667
3.04737099006	0.635981539205	0.341497426979
3.05323131889	0.562158535003	0.251909093152
3.05909164772	0.472888568985	0.156932518127
3.06495197654	0.371884712768	0.0599010283708
3.07081230537	0.263057700826	-0.0359465552279
3.0766726342	0.150365723638	-0.127570378353
3.08253296303	0.0376736464527	-0.212219697073
3.08839329185	-0.0713739201699	-0.287506705676
3.09425362068	-0.173462231605	-0.351462838313
3.10011394951	-0.265696226254	-0.402577081365
3.10597427833	-0.345669048811	-0.439816514777
3.11183460716	-0.411508704553	-0.462629897963
3.11769493599	-0.461903113102	-0.470935616864
3.12355526481	-0.496104571491	-0.465095706537
3.12941559364	-0.513915261426	-0.445877956649
3.13527592247	-0.515655936244	-0.414408297944
3.1411362513	-0.502120296214	-0.372115762545
3.14699658012	-0.474517807608	-0.320672318833
3.15285690895	-0.434407846227	-0.261929813724
3.15871723778	-0.383628057906	-0.197856123639
3.1645775666	-0.324219738212	-0.130472433213
3.17043789543	-0.258352855331	-0.0617933404453
3.17629822426	-0.188253090195	0.00622875928572
3.18215855308	-0.116132964371	0.0717538188477
3.18801888191	-0.0441287871216	0.133097888679
3.19387921074	0.0257552041214	0.188769805218
3.19973953957	0.0916944954401	0.237500403656
3.20559986839	0.152083075555	0.278264072483
3.21146019722	0.205563007536	0.310292677562
3.21732052605	0.251044761484	0.333082068561
3.22318085487	0.287718548586	0.346391538732
3.2290411837	0.315057134823	0.350236739863
3.23490151253	0.332810814053	0.344876658206
3.24076184136	0.34099538329	0.33079533609
3.24662217018	0.339874085792	0.308679079962
3.25248249901	0.32993456863	0.279389931661
3.25834282784	0.311861939965	0.243936198912
3.26420315666	0.286509008258	0.2034408464
3.27006348549	0.254864743932	0.159108543058
3.27592381432	0.218021928688	0.112192146962
3.28178414314	0.17714485589	0.0639593880248
3.28764447197	0.133437825683	0.0156604817806
3.2935048008	0.0881150497611	-0.0315026247717
3.29936512963	0.0423724516445	-0.0764047124409
3.30522545845	-0.00263827374246	-0.118022836491
3.31108578728	-0.0458330867245	-0.155458396709
3.31694611611	-0.0862163539584	-0.187955231705
3.32280644493	-0.122898835828	-0.214913316486
3.32866677376	-0.15511287556	-0.235897736584
3.33452710259	-0.182224788543	-0.25064272433
3.34038743142	-0.203744463311	-0.259050674337
3.34624776024	-0.21933217976	-0.26118620591
3.35210808907	-0.228802627909	-0.257265507523
3.3579684179	-0.232126076138	-0.247641378592
3.36382874672	-0.229426597967	-0.232784569276
3.36968907555	-0.220977230031	-0.213262200374
3.37554940438	-0.207191911879	-0.189714210475
3.3814097332	-0.1886140625	-0.162828912223
3.38727006203	-0.165901690218	-0.133318829146
3.39313039086	-0.139809020404	-0.10189801404
3.39899071969	-0.111164763544	-0.0692620067447
3.40485104851	-0.0808473323117	-0.0360714636934
3.41071137734	-0.049757541627	-0.00294027979117
3.41657170617	-0.0187895738273	0.0295712724997
3.42243203499	0.0111987601621	0.0609582308749
3.42829236382	0.0394152102385	0.0907677243899
3.43415269265	0.0651603060578	0.11859156319
3.44001302147	0.087851099436	0.144055789929
3.4458733503	0.107039945546	0.166808732222
3.45173367913	0.122426982861	0.186509385218
3.45759400796	0.133865247027	0.202818103494
3.46345433678	0.1413577556	0.215391554694
3.46931466561	0.145046411907	0.223883657459
3.47517499444	0.14519316713	0.227953783176
3.48103532326	0.142154507462	0.227282854912
3.48689565209	0.136350944846	0.221597160784
3.49275598092	0.128233725497	0.210698769737
3.49861630975	0.118251368227	0.194500473986
3.50447663857	0.106818846939	0.17306228031
3.5103369674	0.0942921923156	0.146625737426
3.51619729623	0.0809509788502	0.115641924497
3.52205762505	0.0669905818337	0.0807888293486
3.52791795388	0.0525252607253	0.0429741833401
3.53377828271	0.0376021069891	0.00332062529388
3.53963861153	0.0222247710178	-0.0368686734349
3.54549894036	0.00638476170036	-0.0761641413724
3.55135926919	-0.00990288607774	-0.11308199301
3.55721959802	-0.0265635354296	-0.146170732476
3.56307992684	-0.043430826514	-0.174106295317
3.56894025567	-0.0602228483966	-0.195788511219
3.5748005845	-0.0765304462087	-0.210430452017
3.58066091332	-0.091820550052	-0.21763181559
3.58652124215	-0.105456055781	-0.217427921132
3.59238157098	-0.116732141212	-0.21030721487
3.59824189981	-0.124927115727	-0.197192378973
3.60410222863	-0.129364155743	-0.179383074737
3.60996255746	-0.12947876207	-0.158461815251
3.61582288629	-0.124885666904	-0.136168153596
3.62168321511	-0.115438366753	-0.114249935628
3.62754354394	-0.101274563167	-0.0943034240028
3.63340387277	-0.0828415932922	-0.0776162912401
3.63926420159	-0.0608973939156	-0.0650284997192
3.64512453042	-0.0364845610396	-0.0568257260082
3.65098485925	-0.010877472964	-0.0526781613963
3.65684518808	0.0144949815056	-0.0516342901943
3.6627055169	0.0381460361084	-0.0521748215887
3.66856584573	0.0586398519206	-0.0523266767791
3.67442617456	0.0747037171095	-0.0498312686017
3.68028650338	0.0853340314926	-0.0423557834784
3.68614683221	0.0898865026223	-0.0277313320456
3.69200716104	0.0881419199239	-0.00419818562132
3.69786748986	0.0803406589344	0.0293637194133
3.70372781869	0.0671815551697	0.0732409658838
3.70958814752	0.0497837591967	0.126749617156
3.71544847635	0.0296133711566	0.188171248184
3.72130880517	0.00837975877426	0.25477288286
3.727169134	-0.0120908033175	0.322914992538
3.73302946283	-0.0299944305973	0.388244366839
3.73888979165	-0.0436908421589	0.445961302721
3.74475012048	-0.0518351393008	0.491143828636
3.75061044931	-0.0534894418084	0.519106198868
3.75647077814	-0.0482052328757	0.525765166159
3.76233110696	-0.0360695922565	0.507985923653
3.76819143579	-0.0177113850396	0.463880269603
3.77405176462	0.00573333599271	0.393032459486
3.77991209344	0.0326942397264	0.296633142789
3.78577242227	0.0612724910393	0.177508334804
3.7916327511	0.0893714570192	0.0400380105213
3.79749307992	0.114842602726	-0.110032994042
3.80335340875	0.135635828831	-0.26588117959
3.80921373758	0.149943356847	-0.419969992563
3.81507406641	0.156326960984	-0.564471420163
3.82093439523	0.153819792116	-0.69171618473
3.82679472406	0.14199609484	-0.79464323007
3.83265505289	0.121004596888	-0.867219406521
3.83851538171	0.0915640410072	-0.904802534411
3.84437571054	0.0549220170884	-0.904425124796
3.85023603937	0.0127807341978	-0.864981599953
3.85609636819	-0.0328045256289	-0.787308428546
3.86195669702	-0.0795469401398	-0.674153663549
3.86781702585	-0.125061340701	-0.530039427196
3.87367735468	-0.167000375782	-0.361027439002
3.8795376835	-0.203185196106	-0.174403308498
3.88539801233	-0.231723003885	0.0217003157695
3.89125834116	-0.251105048488	0.218718755017
3.89711866998	-0.260280219408	0.408084164021
3.90297899881	-0.258701151508	0.581644194999
3.90883932764	-0.246341584152	0.73204810108
3.91469965647	-0.22368548081	0.853080854466
3.92055998529	-0.191690012494	0.939929760141
3.92642031412	-0.151725852244	0.989372609994
3.93228064295	-0.105499259707	0.999881316758
3.93814097177	-0.054961121101	0.971639871995
3.9440013006	-0.00220844217151	0.90648009546
3.94986162943	0.0506162161349	0.807742736853
3.95572195825	0.101422184432	0.680074863296
3.96158228708	0.148260413061	0.529176987228
3.96744261591	0.189401654487	0.361514993612
3.97330294474	0.223400181748	0.184012607141
3.97916327356	0.249141102582	0.00373994828265
3.98502360239	0.265870312143	-0.172387244728
3.99088393122	0.27320705947	-0.337884774583
3.99674426004	0.271139937661	-0.486942696507
4.00260458887	0.260007810485	-0.614625221418
4.0084649177	0.240467737296	-0.717022095143
4.01432524653	0.213452344451	-0.791348411158
4.02018557535	0.180119316782	-0.835992378308
4.02604590418	0.141795757873	-0.85051290564
4.03190623301	0.0999201100152	-0.835590894397
4.03776656183	0.0559841547378	-0.792939779794
4.04362689066	0.0114773554397	-0.725182105787
4.04948721949	-0.0321645221994	-0.635699732995
4.05534754831	-0.0736049467472	-0.528465683529
4.06120787714	-0.111645143342	-0.40786564543
4.06706820597	-0.145254829448	-0.278516837089
4.0729285348	-0.173594777605	-0.145091322239
4.07878886362	-0.196031176429	-0.0121500288572
4.08464919245	-0.212142077441	0.116007276535
4.09050952128	-0.221716480553	0.235471912568
4.0963698501	-0.224746818703	0.342833107538
4.10223017893	-0.221415750148	0.435259869453
4.10809050776	-0.212078256965	0.510557135477
4.11395083658	-0.197240085574	0.567196434559
4.11981116541	-0.177533557493	0.60432217958
4.12567149424	-0.153691735047	0.62173545119
4.13153182307	-0.126521856668	0.619857733097
4.13739215189	-0.0968788678325	0.599677503913
4.14325248072	-0.0656397731258	0.562682885929
4.14911280955	-0.0336794272044	0.510783703884
4.15497313837	-0.00184827075081	0.446226328866
4.1608334672	0.0290475954426	0.371504588739
4.16669379603	0.0582637170054	0.289269834396
4.17255412486	0.0851317997201	0.202242978955
4.17841445368	0.109071357312	0.113130993803
4.18427478251	0.129598508991	0.0245499695923
4.19013511134	0.146332016149	-0.0610435505983
4.19599544016	0.158996703554	-0.141411668622
4.20185576899	0.167424447515	-0.214583766813
4.20771609782	0.171552932806	-0.278894177322
4.21357642664	0.171422384662	-0.333008742098
4.21943675547	0.167170476201	-0.375940447221
4.2252970843	0.159025600363	-0.40705460229
4.23115741313	0.147298683448	-0.42606427886
4.23701774195	0.132373708359	-0.433016919617
4.24287807078	0.114697111671	-0.428273181363
4.24873839961	0.0947662202234	-0.412479180916
4.25459872843	0.073116899394	-0.386533375523
4.26045905726	0.0503105954391	-0.351549331551
4.26631938609	0.0269209672463	-0.308815620929
4.27217971492	0.00352031823935	-0.259754038875
4.27804004374	-0.0193339426613	-0.205877264278
4.28390037257	-0.0411125604405	-0.148746991245
4.2897607014	-0.0613271375466	-0.089933452699
4.29562103022	-0.0795419765315	-0.0309771401286
4.30148135905	-0.0953847270846	0.0266465973045
4.30734168788	-0.108555477053	0.0815595112566
4.3132020167	-0.118833911743	0.13250852314
4.31906234553	-0.126084168645	0.178389564908
4.32492267436	-0.130257043374	0.21826695244
4.33078300319	-0.131389263352	0.251388141525
4.33664333201	-0.129599642162	0.277193795583
4.34250366084	-0.125082059522	0.295323164456
4.34836398967	-0.118095375255	0.305614836648
4.35422431849	-0.108950572343	0.30810298609
4.36008464732	-0.0979956224633	0.303009291929
4.36594497615	-0.0855987630592	0.290730769414
4.37180530497	-0.0721310521493	0.271823814691
4.3776656338	-0.0579492090713	0.246984838527
4.38352596263	-0.0433798399286	0.217027944582
4.38938629146	-0.028706170348	0.182860195815
4.39524662028	-0.0141583521668	0.145455104746
4.40110694911	9.17349318702e-05	0.105825073843
4.40696727794	0.0139305058876	0.064993593141
4.41282760676	0.027297168538	0.0239680634452
4.41868793559	0.0401727641712	-0.0162858559999
4.42454826442	0.0525642931601	-0.0548674875091
4.43040859325	0.064484975017	-0.0909611367019
4.43626892207	0.0759321873267	-0.123852149208
4.4421292509	0.0868650619652	-0.152938493564
4.44798957973	0.0971840357136	-0.17773757429
4.45384990855	0.106714802822	-0.197888255907
4.45971023738	0.115199053727	-0.213148381923
4.46557056621	0.122294075725	-0.223388378918
4.47143089503	0.127582727325	-0.228581816534
4.47729122386	0.130594493114	-0.228794018743
4.48315155269	0.130837323319	-0.224169960469
4.48901188152	0.127838833025	-0.214922710971
4.49487221034	0.121194276039	-0.201323584146
4.50073253917	0.110617631742	-0.18369492035
4.506592868	0.0959912728172	-0.162406063402
4.51245319682	0.0774091371845	-0.137872634657
4.51831352565	0.0552082127863	-0.110558683709
4.52417385448	0.0299835332444	-0.0809807660976
4.53003418331	0.00258280888936	-0.0497125248897
4.53589451213	-0.0259217371326	-0.0173880006933
4.54175484096	-0.0542848690413	0.0152982758283
4.54761516979	-0.0811615157639	0.0475962960764
4.55347549861	-0.105197637688	0.0787122626612
4.55933582744	-0.125132560681	0.107827958141
4.56519615627	-0.139904657675	0.134128003113
4.57105648509	-0.148750936688	0.156834261448
4.57691681392	-0.151290557916	0.175245631457
4.58277714275	-0.147582703454	0.188780488477
4.58863747158	-0.138150631881	0.197018239076
4.5944978004	-0.123966137693	0.199735927851
4.60035812923	-0.106391865964	0.196935703424
4.60621845806	-0.0870827641295	0.188859266269
4.61207878688	-0.0678520542281	0.175986207525
4.61793911571	-0.0505110866172	0.159014372776
4.62379944454	-0.0366958710761	0.138821960923
4.62965977336	-0.0276955722789	0.11641285956
4.63552010219	-0.0242994661741	0.0928485494811
4.64138043102	-0.0266785490442	0.0691715855286
4.64724075985	-0.0343160773781	0.0463269813385
4.65310108867	-0.0459978579954	0.0250886159439
4.6589614175	-0.0598683306426	0.0059979086915
4.66482174633	-0.0735527654851	-0.010678594262
4.67068207515	-0.0843397309589	-0.024967408696
4.67654240398	-0.0894119437618	-0.0371787360656
4.68240273281	-0.0861082834039	-0.0478686386787
4.68826306164	-0.0721956911645	-0.057774602082
4.69412339046	-0.0461273338793	-0.0677290400019
4.69998371929	-0.00726310700245	-0.0785577397239
4.70584404812	0.0439695935142	-0.0909721484186
4.71170437694	0.105992959124	-0.105465543951
4.71756470577	0.176086091852	-0.1222233658
4.7234250346	0.250487829506	-0.141057238231
4.72928536342	0.324592471704	-0.161370530375
4.73514569225	0.393227860548	-0.182160793506
4.74100602108	0.450997952642	-0.202061306329
4.74686634991	0.492665990147	-0.219420520862
4.75272667873	0.513550190487	-0.232414748654
4.75858700756	0.509901920306	-0.239186280295
4.76444733639	0.479236795354	-0.237996586085
4.77030766521	0.420592035878	-0.227382544022
4.77616799404	0.33468847729	-0.206302947036
4.78202832287	0.223982470843	-0.174262926358
4.78788865169	0.0926009440218	-0.131405364981
4.79374898052	-0.0538385333281	-0.0785607431303
4.79960930935	-0.208512405813	-0.0172499531167
4.80546963818	-0.363762631044	0.0503618200973
4.811329967	-0.511530924965	0.121558334086
4.81719029583	-0.643827291769	0.193207243626
4.82305062466	-0.753202143729	0.261928233528
4.82891095348	-0.833191327726	0.324283319983
4.83477128231	-0.878705560933	0.376976699681
4.84063161114	-0.88633990404	0.41705087644
4.84649193997	-0.854584596055	0.442066129981
4.85235226879	-0.783925369719	0.450251654333
4.85821259762	-0.676828733259	0.440618757038
4.86407292645	-0.537615101224	0.413029191727
4.86993325527	-0.372229571676	0.368214774255
4.8757935841	-0.187926131001	0.307747667116
4.88165391293	0.00711423325919	0.233963870748
4.88751424175	0.204207857746	0.149845316501
4.89337457058	0.394609983936	0.0588683330167
4.89923489941	0.569948522992	-0.0351719792367
4.90509522824	0.722626570976	-0.12835086316
4.91095555706	0.846173193796	-0.216805562687
4.91681588589	0.935525989323	-0.296918927504
4.92267621472	0.987233631456	-0.365485347103
4.92853654354	0.999571663704	-0.419850892695
4.93439687237	0.972569902232	-0.458021427453
4.9402572012	0.90795462406	-0.478734566916
4.94611753003	0.809012995948	-0.481493583333
4.95197785885	0.680390743108	-0.46656350963
4.95783818768	0.52783672854	-0.434931686105
4.96369851651	0.357909843614	-0.38823670448
4.96955884533	0.177664390364	-0.328671064806
4.97541917416	-0.00566998695831	-0.258863824884
4.98127950299	-0.184998696934	-0.181750071548
4.98713983181	-0.353649414713	-0.100434186933
4.99300016064	-0.50562475465	-0.0180536517147
4.99886048947	-0.63581155828	0.0623504291224
5.0047208183	-0.740140672412	0.137950711823
5.01058114712	-0.815693853743	0.206234556482
5.01644147595	-0.860757097367	0.265085303961
5.02230180478	-0.874822124422	0.312841844164
5.0281621336	-0.858539882427	0.348335595577
5.03402246243	-0.813631642246	0.3709051054
5.03988279126	-0.742764578875	0.380389449791
5.04574312008	-0.64939958712	0.377102431088
5.05160344891	-0.537619519795	0.361790211553
5.05746377774	-0.411946076995	0.335575481172
5.06332410657	-0.277153266776	0.299891530392
5.06918443539	-0.138084756351	0.256409696589
5.07504476422	0.000518400273898	0.206963591402
5.08090509305	0.134174175063	0.153473316458
5.08676542187	0.258795747794	0.0978725620947
5.0926257507	0.370804250009	0.0420410844662
5.09848607953	0.467216029304	-0.0122554019945
5.10434640836	0.545703512864	-0.063416370867
5.11020673718	0.604629786622	-0.110047622085
5.11606706601	0.643057929191	-0.15099185109
5.12192739484	0.660736924507	-0.185348540865
5.12778772366	0.658066608699	-0.212483475404
5.13364805249	0.636044578461	-0.232028522311
5.13950838132	0.596198301676	-0.243872617212
5.14536871014	0.540505834841	-0.248145100667
5.15122903897	0.471308580331	-0.245192709253
5.1570893678	0.391219428056	-0.235551609539
5.16294969663	0.303029440703	-0.219915891327
5.16881002545	0.209615979729	-0.199103911209
5.17467035428	0.113854849642	-0.174023806181
5.18053068311	0.018538677773	-0.145639387404
5.18639101193	-0.073696639459	-0.114937483998
5.19225134076	-0.160435991941	-0.0828976439329
5.19811166959	-0.23953858139	-0.0504649213284
5.20397199842	-0.309180276198	-0.0185262944275
5.20983232724	-0.367884525419	0.0121089265962
5.21569265607	-0.414541902697	0.0407245213373
5.2215529849	-0.448418653764	0.0667085955646
5.22741331372	-0.469154879375	0.0895607657213
5.23327364255	-0.476753195399	0.108895551434
5.23913397138	-0.471558872416	0.124442338012
5.2449943002	-0.454232570922	0.136042346891
5.25085462903	-0.42571685988	0.143643101297
5.25671495786	-0.387197742138	0.147290897447
5.26257528669	-0.340062416983	0.147121789599
5.26843561551	-0.285854493879	0.143351571932
5.27429594434	-0.226227836937	0.136265194219
5.28015627317	-0.162900170033	0.126205984469
5.28601660199	-0.0976075092965	0.113564974189
5.29187693082	-0.0320604137511	0.0987705351362
5.29773725965	0.0320970430971	0.082278446079
5.30359758847	0.0933247768371	0.0645624202836
5.3094579173	0.150219974838	0.0461050461375
5.31531824613	0.201545576148	0.0273890313381
5.32117857496	0.246253484397	0.00888860193403
5.32703890378	0.283502168538	-0.00893910346449
5.33289923261	0.312668425544	-0.0256627832394
5.33875956144	0.333353199365	-0.0408859514066
5.34461989026	0.345381473461	-0.0542561459315
5.35048021909	0.348796382836	-0.0654742563169
5.35634054792	0.343847828273	-0.074303730843
5.36220087675	0.330976021221	-0.0805792873321
5.36806120557	0.31079054093	-0.0842146208822
5.3739215344	0.284045640574	-0.0852084927083
5.37978186323	0.251612687699	-0.0836485118012
5.38564219205	0.214450754494	-0.0797119008054
5.39150252088	0.1735764717	-0.0736625826259
5.39736284971	0.130034312612	-0.0658440445977
5.40322317853	0.0848684684496	-0.0566676371989
5.40908350736	0.0390974042552	-0.0465962421184
5.41494383619	-0.0063079591885	-0.0361235897858
5.42080416502	-0.0504417063037	-0.0257499001637
5.42666449384	-0.0924755778387	-0.0159549347083
5.43252482267	-0.131666689095	-0.00716994602443
5.4383851515	-0.167360554183	0.000249646879229
5.44424548032	-0.198990025126	0.00604879000287
5.45010580915	-0.226071103177	0.0100923690611
5.45596613798	-0.248196874024	0.0123777485799
5.4618264668	-0.265031024491	0.0130384850877
5.46768679563	-0.276302482839	0.0123379240554
5.47354712446	-0.281802660315	0.0106520881097
5.47940745329	-0.281386539893	0.0084421235138
5.48526778211	-0.274978454929	0.00621753381786
5.49112811094	-0.262582839421	0.00449241444635
5.49698843977	-0.244299546701	0.00373781530213
5.50284876859	-0.220342579556	0.00433409846532
5.50870909742	-0.191060325447	0.00652762555131
5.51456942625	-0.156954732212	0.0103962186989
5.52042975508	-0.118696384157	0.0158275297857
5.5262900839	-0.0771322323111	0.0225136986772
5.53215041273	-0.0332828656922	0.0299645003596
5.53801074156	0.0116732753698	0.0375396370546
5.54387107038	0.056430442735	0.0444990359548
5.54973139921	0.0996013329092	0.0500681182024
5.55559172804	0.139776991721	0.053513192339
5.56145205686	0.175598170546	0.0542205919781
5.56731238569	0.205833815001	0.0517721137031
5.57317271452	0.229460954757	0.0460088809529
5.57903304335	0.245739239507	0.0370760785009
5.58489337217	0.254272895646	0.025442119152
5.590753701	0.2550530861	0.011887689177
5.59661402983	0.248474609224	-0.00253734322279
5.60247435865	0.2353225663	-0.0165881774547
5.60833468748	0.216726974157	-0.0289263212165
5.61419501631	0.194086132249	-0.0382405834715
5.62005534514	0.168962632293	-0.0433779498927
5.62591567396	0.142958930327	-0.0434725882287
5.63177600279	0.117582065638	-0.0380603512864
5.63763633162	0.0941090943414	-0.027166439062
5.64349666044	0.0734658343052	-0.0113554110689
5.64935698927	0.0561313947968	0.00826455560736
5.6552173181	0.0420795949562	0.030087572692
5.66107764692	0.0307657895009	0.0521061353736
5.66693797575	0.0211639780393	0.0720527365202
5.67279830458	0.0118546590171	0.0875777715432
5.67865863341	0.00115908500497	0.0964505258279
5.68451896223	-0.0126891661199	0.0967670519673
5.69037929106	-0.0313485957484	0.0871470886088
5.69623961989	-0.0561666791007	0.0669020658741
5.70209994871	-0.0879876298979	0.0361577620787
5.70796027754	-0.126989668185	-0.00408175255494
5.71382060637	-0.172568956126	-0.0519378528158
5.71968093519	-0.223284233647	-0.104732378407
5.72554126402	-0.276871608719	-0.159131661914
5.73140159285	-0.330333303175	-0.211351414352
5.73726192168	-0.3800979054	-0.257408966301
5.7431222505	-0.422243386103	-0.293405016575
5.74898257933	-0.452768359536	-0.315814094691
5.75484290816	-0.467892349415	-0.321761669287
5.76070323698	-0.464362587723	-0.309266354988
5.76656356581	-0.439743446913	-0.277427948946
5.77242389464	-0.392665133907	-0.226545875668
5.77828422347	-0.323010736673	-0.15815771089
5.78414455229	-0.232024920065	-0.0749933655442
5.79000488112	-0.122333174249	0.0191532490733
5.79586520995	0.00213293463004	0.11962718991
5.80172553877	0.136302113122	0.221176789851
5.8075858676	0.274212102411	0.3182616649
5.81344619643	0.409325581473	0.405383811256
5.81930652525	0.53489302583	0.477419776055
5.82516685408	0.644338958159	0.529932098965
5.83102718291	0.73164641237	0.559439982798
5.83688751174	0.791714661272	0.563632270889
5.84274784056	0.82066726054	0.541510004385
5.84860816939	0.816091034048	0.493450754632
5.85446849822	0.777191451639	0.42119219133
5.86032882704	0.704855534024	0.327737569495
5.86618915587	0.601619520906	0.217190638196
5.8720494847	0.471544610845	0.094531583169
5.87790981353	0.320009705796	-0.0346512236876
5.88377014235	0.153434907997	-0.164456837376
5.88963047118	-0.0210467598208	-0.288976998352
5.89549080001	-0.195949495196	-0.402593586058
5.90135112883	-0.363805721869	-0.500252141473
5.90721145766	-0.517527236434	-0.577697555502
5.91307178649	-0.650737290181	-0.631660934024
5.91893211531	-0.758056986871	-0.659990019349
5.92479244414	-0.835332793542	-0.661719126054
5.93065277297	-0.879795934135	-0.63707809936
5.9365131018	-0.890148677486	-0.587443113318
5.94237343062	-0.866576762045	-0.515235017786
5.94823375945	-0.810691165646	-0.423773285632
5.95409408828	-0.725405917344	-0.317095321727
5.9599544171	-0.614761498597	-0.199751938056
5.96581474593	-0.483705488649	-0.0765901838118
5.97167507476	-0.337843426432	0.0474655075315
5.97753540358	-0.183173393688	0.167623654593
5.98339573241	-0.0258176215714	0.279418550041
5.98925606124	0.128236429287	0.37887810353
5.99511639007	0.273374457247	0.462660994206
6.00097671889	0.404563925959	0.528159285557
6.00683704772	0.517525730167	0.573564528984
6.01269737655	0.608864011161	0.597897175336
6.01855770537	0.676151494675	0.601000749055
6.0244180342	0.717969929561	0.583503656331
6.03027836303	0.733907236746	0.546752651897
6.03613869186	0.724514754064	0.492722850709
6.04199902068	0.691229421262	0.423909729579
6.04785934951	0.636266849257	0.343208824661
6.05371967834	0.562491938602	0.253788812912
6.05958000716	0.473274056152	0.158963401163
6.06544033599	0.372333768926	0.0620669763121
6.07130066482	0.263587810982	-0.0336616583033
6.07716099364	0.15099837711	-0.125183872941
6.08302132247	0.0384320589501	-0.20975133906
6.0888816513	-0.0704671705791	-0.284979721583
6.09474198013	-0.172387498372	-0.348904758773
6.10060230895	-0.264438907564	-0.40002029878
6.10646263778	-0.344221447818	-0.437298536303
6.11232296661	-0.409871586861	-0.460193280682
6.11818329543	-0.460086916962	-0.46862757923
6.12404362426	-0.494130218875	-0.462967412802
6.12990395309	-0.511814507268	-0.443983473759
6.13576428192	-0.513471189087	-0.412803231912
6.14162461074	-0.499903854446	-0.370855595925
6.14748493957	-0.472330485137	-0.319810492437
6.1533452684	-0.432317007577	-0.261515621178
6.15920559722	-0.381705137852	-0.197932512116
6.16506592605	-0.322537374565	-0.131073822412
6.17092625488	-0.256981804163	-0.0629435804288
6.1767865837	-0.187259112467	0.00451817462467
6.18264691253	-0.115573868031	0.0694851816259
6.18850724136	-0.0440517816338	0.130288273765
6.19436757019	0.0253157259679	0.185451586521
6.20022789901	0.0907186805531	0.233721271088
6.20608822784	0.150566812148	0.274086554553
6.21194855667	0.203518607901	0.305793191435
6.21780888549	0.248501141479	0.32834952921
6.22366921432	0.284720918657	0.341525563451
6.22952954315	0.311666209008	0.345345486837
6.23538987197	0.329101535654	0.340074341348
6.2412502008	0.337055166225	0.326199465167
6.24711052963	0.335800583694	0.304407485924
6.25297085846	0.325833009628	0.275557650946
6.25883118728	0.307842099549	0.240652304842
6.26469151611	0.282681928098	0.200805327309
6.27055184494	0.251339332404	0.157209332701
6.27641217376	0.214901592143	0.111102411011
6.28227250259	0.174524304768	0.063735160958
6.28813283142	0.131400177537	0.0163387325966
6.29399316025	0.0867293174947	-0.0299054392842
6.29985348907	0.0416914678691	-0.0738935684964
6.3057138179	-0.00257947762391	-0.114624518211
6.31157414673	-0.0450184487123	-0.151221320115
6.31743447555	-0.0846495048636	-0.182948724136
6.32329480438	-0.120603378687	-0.209226366864
6.32915513321	-0.152132207129	-0.229637240825
6.33501546203	-0.178621434361	-0.24393126104
6.34087579086	-0.199598891048	-0.252023860196
6.34673611969	-0.214741061973	-0.253989697751
6.35259644852	-0.223876546433	-0.250051737739
6.35845677734	-0.226986693495	-0.240566129166
6.36431710617	-0.224203360387	-0.226003503915
6.370177435	-0.215803704269	-0.206927480478
6.37603776382	-0.202201887177	-0.183971316302
6.38189809265	-0.183937565192	-0.157813774713
6.38775842148	-0.16166106103	-0.129155350992
6.3936187503	-0.136115196221	-0.0986960233172
6.39947907913	-0.108113891463	-0.0671156461669
6.40533940796	-0.0785178299657	-0.0350579777522
6.41119973679	-0.0482077079109	-0.00311912479119
6.41706006561	-0.0180558491348	0.028159100352
6.42292039444	0.0111027882788	0.0582907735041
6.42878072327	0.0384989675238	0.0868426765695
6.43464105209	0.0634554886745	0.113427046053
6.44050138092	0.0854099950874	0.137691380663
6.44636170975	0.103932843187	0.159306805479
6.45222203858	0.118738770933	0.177956762766
6.4580823674	0.129691385775	0.193327933941
6.46394269623	0.136799892619	0.205105258268
6.46980302506	0.140207977171	0.212972678206
6.47566335388	0.140175320473	0.216620801777
6.48152368271	0.13705280744	0.215762041775
6.48738401154	0.131253058354	0.210153004953
6.49324434036	0.123218404342	0.199623018559
6.49910466919	0.113388790159	0.184106773651
