Time (fs)	Ex (arb. u.)	Ey (arb. u.)
0.503988279126	0.0738040862894	0.1664718046
0.509848607953	0.0721086776547	0.132695471092
0.51570893678	0.0695231232169	0.0940861305832
0.521569265607	0.0655186768542	0.0523322699423
0.527429594434	0.059557056016	0.00938990511672
0.533289923261	0.0511519854561	-0.0326196497269
0.539150252088	0.0399327321256	-0.0715355774586
0.545010580915	0.0257040507615	-0.105299878344
0.550870909742	0.0084967352198	-0.132106819571
0.556731238569	-0.0113967488812	-0.15054828637
0.562591567396	-0.0334062630851	-0.159742746208
0.568451896223	-0.0566910200888	-0.1594354509
0.57431222505	-0.0801712745138	-0.150058523886
0.580172553877	-0.102584263229	-0.132741754105
0.586032882704	-0.122561779	-0.109268178571
0.591893211531	-0.138724617834	-0.0819727025808
0.597753540358	-0.14978725911	-0.0535867891858
0.603613869186	-0.154664715909	-0.0270372644815
0.609474198013	-0.152572697911	-0.00521208493538
0.61533452684	-0.143112179045	0.00928997586228
0.621194855667	-0.126330209925	0.0144057937205
0.627055184494	-0.102750340716	0.00882914250771
0.632915513321	-0.0733682263204	-0.0078142924263
0.638775842148	-0.0396107054721	-0.034856881199
0.644636170975	-0.00325965308347	-0.0705586054621
0.650496499802	0.0336550615491	-0.112165049761
0.656356828629	0.0689863956988	-0.156055696922
0.662217157456	0.100615349448	-0.197976759809
0.668077486283	0.126599660935	-0.233345141135
0.67393781511	0.14531442846	-0.257603163287
0.679798143937	0.155573447974	-0.26659812064
0.685658472764	0.156721361912	-0.256957054873
0.691518801591	0.148688889773	-0.226425863944
0.697379130418	0.132006270534	-0.174143151998
0.703239459245	0.107773345772	-0.10082310602
0.709099788072	0.0775881624602	-0.00882790435102
0.714960116899	0.0434392746967	0.0978817392803
0.720820445726	0.00756978806492	0.213919958455
0.726680774553	-0.0276766247683	0.332765305759
0.73254110338	-0.0600161822347	0.447149335625
0.738401432208	-0.0873800017745	0.549518746672
0.744261761035	-0.108052332997	0.632539237651
0.750122089862	-0.120782185281	0.689605270919
0.755982418689	-0.12486075625	0.715318757721
0.761842747516	-0.120159838556	0.705901388356
0.767703076343	-0.107129439964	0.659509789932
0.77356340517	-0.0867559348431	0.576429537048
0.779423733997	-0.0604849237381	0.459132704192
0.785284062824	-0.0301153931989	0.312193429644
0.791144391651	0.00232642856425	0.142066078353
0.797004720478	0.0347240419572	-0.0432597438598
0.802865049305	0.0650086747362	-0.234704591705
0.808725378132	0.0912889339076	-0.422615581997
0.814585706959	0.111963819	-0.597319946909
0.820446035786	0.12581242271	-0.749679964679
0.826306364613	0.132055637311	-0.871614128186
0.83216669344	0.130387375694	-0.956552461618
0.838027022267	0.120975026834	-0.999799039094
0.843887351094	0.104430932718	-0.998781534896
0.849747679921	0.081758458546	-0.953175485708
0.855608008748	0.0542776256798	-0.864899267602
0.861468337575	0.0235362217772	-0.737983984003
0.867328666403	-0.00878723029365	-0.578329973763
0.87318899523	-0.0409822609356	-0.393368014897
0.879049324057	-0.0714010326681	-0.19164816763
0.884909652884	-0.0985435066066	0.0176176514179
0.890769981711	-0.121129017073	0.225031929739
0.896630310538	-0.138151260232	0.421479640043
0.902490639365	-0.148914953653	0.598563151579
0.908350968192	-0.15305365119	0.748982357285
0.914211297019	-0.15052932537	0.866842812255
0.920071625846	-0.141615298096	0.947879766405
0.925931954673	-0.126864868861	0.989591372401
0.9317922835	-0.107068535271	0.99127970753
0.937652612327	-0.0832030184475	0.954003251049
0.943512941154	-0.0563754055068	0.880448845916
0.949373269981	-0.0277656248368	0.774734749362
0.955233598808	0.00142979176609	0.642159014121
0.961093927635	0.0300500963545	0.488909084223
0.966954256462	0.0570167773682	0.32174914425
0.972814585289	0.0813725231717	0.147701493538
0.978674914116	0.102311685663	-0.0262628625803
0.984535242943	0.119201757626	-0.193510959792
0.99039557177	0.131595856942	-0.348000766317
0.996255900597	0.139236625307	-0.484491606838
1.00211622942	0.142052286027	-0.59870624924
1.00797655825	0.140145858866	-0.687441530025
1.01383688708	0.133778699832	-0.748627004452
1.01969721591	0.123349625348	-0.781333468539
1.02555754473	0.109370902016	-0.785735225663
1.03141787356	0.0924423461078	-0.763031602452
1.03727820239	0.0732246927884	-0.715334426228
1.04313853121	0.0524132757596	-0.645528953771
1.04899886004	0.030712914482	-0.557116104888
1.05485918887	0.00881474832354	-0.45404383812
1.06071951769	-0.0126244065536	-0.340535157667
1.06657984652	-0.0329997636853	-0.220919616881
1.07244017535	-0.0517730764844	-0.0994743464903
1.07830050418	-0.0684838338553	0.0197203519093
1.084160833	-0.0827571478042	0.13290688333
1.09002116183	-0.0943084451195	0.236754853456
1.09588149066	-0.102945160029	0.32844241674
1.10174181948	-0.108565688871	0.405713748132
1.10760214831	-0.111155912443	0.466912846831
1.11346247714	-0.110783619147	0.51099470109
1.11932280597	-0.107591175232	0.537515529192
1.12518313479	-0.101786790641	0.546604354768
1.13104346362	-0.0936347231284	0.538918572974
1.13690379245	-0.083444751999	0.51558642223
1.14276412127	-0.0715612375582	0.478139403047
1.1486244501	-0.0583520642669	0.428437694054
1.15448477893	-0.0441977448148	0.368591520702
1.16034510775	-0.0294809389707	0.300881251446
1.16620543658	-0.0145766150764	0.227678746969
1.17206576541	0.0001569463591	0.151372187878
1.17792609424	0.0143861377899	0.0742962719722
1.18378642306	0.0278088606466	-0.00133068055779
1.18964675189	0.0401601058853	-0.0734615330714
1.19550708072	0.0512162036175	-0.140266218593
1.20136740954	0.0607976963323	-0.200168207747
1.20722773837	0.0687708194147	-0.251871367648
1.2130880672	0.0750476017556	-0.294377297458
1.21894839603	0.0795846291842	-0.326993468266
1.22480872485	0.0823805451624	-0.3493327001
1.23066905368	0.0834723972295	-0.361304676779
1.23652938251	0.0829309739527	-0.363100330642
1.24238971133	0.0808553146939	-0.355170025651
1.24825004016	0.077366611554	-0.338196531571
1.25411036899	0.0726017569923	-0.31306381693
1.25997069781	0.0667068190487	-0.280822697865
1.26583102664	0.0598307460151	-0.242654367308
1.27169135547	0.0521196112672	-0.199832798202
1.2775516843	0.0437117046811	-0.153686968811
1.28341201312	0.0347337580183	-0.105563801091
1.28927234195	0.0252985567322	-0.0567926369951
1.29513267078	0.0155041390591	-0.00865200456905
1.3009929996	0.00543471459301	0.0376606530038
1.30685332843	-0.00483665117282	0.0810556960502
1.31271365726	-0.015243641897	0.120573954397
1.31857398608	-0.0257207571474	0.155404935143
1.32443431491	-0.0361961406413	0.1849002681
1.33029464374	-0.0465836030989	0.20858219385
1.33615497257	-0.0567744041537	0.226147016568
1.34201530139	-0.0666294770011	0.237463569339
1.34787563022	-0.0759728746416	0.242566872583
1.35373595905	-0.0845872744645	0.241647304735
1.35959628787	-0.0922123851754	0.235035744854
1.3654566167	-0.0985470444982	0.223185284914
1.37131694553	-0.103255668109	0.206650238629
1.37717727436	-0.105979504392	0.18606328644
1.38303760318	-0.106352865735	0.162111684068
1.38889793201	-0.104024151557	0.13551351575
1.39475826084	-0.0986810647817	0.106994984181
1.40061858966	-0.0900789732619	0.0772696894814
1.40647891849	-0.0780709095819	0.0470207535763
1.41233924732	-0.062637272348	0.0168864919439
1.41819957614	-0.0439129304989	-0.012549876484
1.42405990497	-0.0222091834704	-0.040766251395
1.4299202338	0.00197206172612	-0.0673034733594
1.43578056263	0.0279344302431	-0.0917633316168
1.44164089145	0.054795736216	-0.113803455602
1.44750122028	0.0815107776195	-0.133130070042
1.45336154911	0.106909066114	-0.149489814835
1.45922187793	0.129747244069	-0.162661963812
1.46508220676	0.14877472486	-0.1724523962
1.47094253559	0.162809780694	-0.178690563409
1.47680286442	0.170821994054	-0.181230443913
1.48266319324	0.172015802767	-0.179956095196
1.48852352207	0.165908933416	-0.174791913392
1.4943838509	0.152398961847	-0.165717132228
1.50024417972	0.131811177848	-0.152783481375
1.50610450855	0.104921451254	-0.136134339145
1.51196483738	0.0729489454397	-0.116023221468
1.5178251662	0.0375152954455	-0.0928291143738
1.52368549503	0.000569195309901	-0.067066040506
1.52954582386	-0.0357219076969	-0.0393843969936
1.53540615269	-0.0691083262632	-0.0105620364065
1.54126648151	-0.0974151868661	0.0185162189173
1.54712681034	-0.118709659251	0.0468909708084
1.55298713917	-0.131465868844	0.0735717383511
1.55884746799	-0.134713714136	0.0975895037936
1.56470779682	-0.128157595221	0.118055060375
1.57056812565	-0.112252066209	0.134218871038
1.57642845447	-0.0882237071393	0.145527402895
1.5822887833	-0.0580320073465	0.151670570805
1.58814911213	-0.0242665742127	0.15261509112
1.59400944096	0.0100167795723	0.148619256884
1.59986976978	0.0415129722556	0.140225888523
1.60573009861	0.0669241485813	0.128231921033
1.61159042744	0.0832375988155	0.11363513428
1.61745075626	0.0880034868335	0.0975607423005
1.62331108509	0.079588916917	0.0811727201413
1.62917141392	0.0573849467106	0.065576637174
1.63503174275	0.021945316974	0.0517221656947
1.64089207157	-0.0249601184048	0.0403141572381
1.6467524004	-0.0803882498803	0.0317410954061
1.65261272923	-0.140365422565	0.0260287859801
1.65847305805	-0.200125330681	0.0228253607406
1.66433338688	-0.254429075706	0.0214211673714
1.67019371571	-0.297946643212	0.0208040925932
1.67605404453	-0.325672681941	0.019747583882
1.68191437336	-0.333345086361	0.0169254033957
1.68777470219	-0.317832972192	0.0110442848503
1.69363503102	-0.277461467724	0.000983468387369
1.69949535984	-0.212244357036	-0.0140711940109
1.70535568867	-0.124001788793	-0.0345110729895
1.7112160175	-0.0163485539401	-0.0602181035407
1.71707634632	0.105451814905	-0.0905171553983
1.72293667515	0.234761455226	-0.124173956366
1.72879700398	0.363955218327	-0.159441392041
1.73465733281	0.484895316364	-0.194152921791
1.74051766163	0.589461232933	-0.225857747962
1.74637799046	0.670097705641	-0.251988624359
1.75223831929	0.720341607436	-0.27005013392
1.75809864811	0.735289607705	-0.277813185693
1.76395897694	0.711972492839	-0.273500570996
1.76981930577	0.649608632146	-0.255948765293
1.77567963459	0.549717740299	-0.22473273994
1.78153996342	0.416086104055	-0.180243221355
1.78740029225	0.254585006599	-0.123709374226
1.79326062108	0.0728543717372	-0.0571639880443
1.7991209499	-0.120127116523	0.0166474324303
1.80498127873	-0.314556654681	0.0944080879376
1.81084160756	-0.500372680541	0.17241251964
1.81670193638	-0.667834184875	0.246778206162
1.82256226521	-0.808077126231	0.313671886337
1.82842259404	-0.913613570029	0.369535483531
1.83428292286	-0.97874389903	0.411296748679
1.84014325169	-0.999858982675	0.436551050348
1.84600358052	-0.97561699629	0.44370298027
1.85186390935	-0.906988037812	0.43205940594
1.85772423817	-0.797168181262	0.401869037103
1.863584567	-0.651372553003	0.354307208203
1.86944489583	-0.476523918262	0.291408143196
1.87530522465	-0.280858730158	0.215950214375
1.88116555348	-0.0734763591222	0.131302425171
1.88702588231	0.1361408382	0.041242383018
1.89288621114	0.338608826341	-0.0502427119589
1.89874653996	0.525098351595	-0.139160085803
1.90460686879	0.687743349452	-0.221708771041
1.91046719762	0.819982258927	-0.294459735047
1.91632752644	0.916818167307	-0.354509757307
1.92218785527	0.974989098464	-0.399602102685
1.9280481841	0.993045212099	-0.428209351397
1.93390851292	0.97133487024	-0.439576160222
1.93976884175	0.911906171629	-0.433722085989
1.94562917058	0.818334437836	-0.411406763284
1.95148949941	0.695489109573	-0.374061581612
1.95734982823	0.549255501054	-0.323693471907
1.96321015706	0.386227853966	-0.262767439757
1.96907048589	0.21339017916	-0.194075056575
1.97493081471	0.0378005706611	-0.120596252737
1.98079114354	-0.133706843641	-0.0453614860272
1.98665147237	-0.294790229601	0.0286792583999
1.99251180119	-0.439829036967	0.0987750734447
1.99837213002	-0.564106725455	0.162475868602
2.00423245885	-0.66394304788	0.217713977893
2.01009278768	-0.736774373512	0.262863622708
2.0159531165	-0.78118298861	0.296777435142
2.02181344533	-0.796878460862	0.318800378808
2.02767377416	-0.784635931607	0.328762399472
2.03353410298	-0.746197564072	0.32695196327
2.03939443181	-0.684144312922	0.314073275117
2.04525476064	-0.601745699453	0.291190406036
2.05111508947	-0.502795405938	0.259661798947
2.05697541829	-0.39144028567	0.221068680324
2.06283574712	-0.272009875723	0.177140800276
2.06869607595	-0.14885275721	0.129682681077
2.07455640477	-0.026185194531	0.080503202407
2.0804167336	0.0920435390081	0.0313509202072
2.08627706243	0.202265820408	-0.0161429657536
2.09213739125	0.301388074845	-0.060512585169
2.09799772008	0.386859709155	-0.100495403764
2.10385804891	0.456718345676	-0.135059835387
2.10971837774	0.509611985709	-0.163422471402
2.11557870656	0.544799472824	-0.185055325319
2.12143903539	0.562131231157	-0.199683814467
2.12729936422	0.562012717149	-0.207276457071
2.13315969304	0.545353345871	-0.208027450947
2.13902002187	0.513503841668	-0.202333420935
2.1448803507	0.468185028672	-0.190765680324
2.15074067953	0.411411034129	-0.174039353312
2.15660100835	0.345409743412	-0.152980658476
2.16246133718	0.272543137492	-0.128493565937
2.16832166601	0.195229879038	-0.101526922102
2.17418199483	0.11587220863	-0.0730429943768
2.18004232366	0.0367888825593	-0.0439882323994
2.18590265249	-0.039844458538	-0.0152668798075
2.19176298131	-0.112046444343	0.0122820917106
2.19762331014	-0.178071941877	0.0379044103906
2.20348363897	-0.236444442517	0.0609461235392
2.2093439678	-0.285978772105	0.0808653666445
2.21520429662	-0.325794294245	0.0972403527904
2.22106462545	-0.355319011415	0.109773744299
2.22692495428	-0.374285167829	0.118293639367
2.2327852831	-0.382717121208	0.122751456769
2.23864561193	-0.380912378001	0.123217032633
2.24450594076	-0.369416780108	0.119871256895
2.25036626958	-0.348994893585	0.112996576013
2.25622659841	-0.320596684596	0.102965676137
2.26208692724	-0.285321578582	0.0902286409003
2.26794725607	-0.244380988185	0.075298854115
2.27380758489	-0.199060366512	0.0587378938886
2.27966791372	-0.150681796019	0.0411396446763
2.28552824255	-0.100568060642	0.0231138410372
2.29138857137	-0.0500090697657	0.00526925418949
2.2972489002	-0.000231407275926	-0.0118032579538
2.30310922903	0.0476283325345	-0.0275475935535
2.30896955786	0.0925458874043	-0.0414588622037
2.31482988668	0.133626954217	-0.0530991241124
2.32069021551	0.170119860391	-0.0621120267187
2.32655054434	0.201423201848	-0.0682358904139
2.33241087316	0.227088538558	-0.0713147351836
2.33827120199	0.246818409409	-0.0713066902266
2.34413153082	0.260460095948	-0.0682891981361
2.34999185964	0.267995723789	-0.0624604239265
2.35585218847	0.269529434085	-0.0541363168707
2.3617125173	0.265272477389	-0.0437428586007
2.36757284613	0.25552716911	-0.0318031710516
2.37343317495	0.240670689748	-0.0189193562667
2.37929350378	0.22113970424	-0.00574919631672
2.38515383261	0.197416704728	0.00702185010387
2.39101416143	0.170018843867	0.0187125690917
2.39687449026	0.139489820046	0.0286806744078
2.40273481909	0.106395105535	0.0363587256729
2.40859514792	0.0713204844026	0.0412894174823
2.41445547674	0.0348735069091	0.0431581018715
2.42031580557	-0.00231290407165	0.0418202342989
2.4261761344	-0.0395758104056	0.0373213969621
2.43203646322	-0.076217992035	0.0299076836218
2.43789679205	-0.111505673268	0.020024549968
2.44375712088	-0.144669936838	0.00830275378494
2.4496174497	-0.174913441431	-0.00446927490991
2.45547777853	-0.201423801266	-0.0173864050254
2.46133810736	-0.223394543008	-0.0294798700329
2.46719843619	-0.240053933839	-0.0397800966929
2.47305876501	-0.250701201685	-0.0473858954071
2.47891909384	-0.254748791094	-0.0515356496353
2.48477942267	-0.25176838216	-0.0516753911485
2.49063975149	-0.241537527976	-0.0475182074562
2.49650008032	-0.224083032525	-0.0390893856843
2.50236040915	-0.19971669415	-0.0267521192985
2.50822073797	-0.169058872462	-0.011209523546
2.5140810668	-0.133045575341	0.0065198857829
2.51994139563	-0.0929154561552	0.0251542530518
2.52580172446	-0.050174270306	0.043226813719
2.53166205328	-0.00653592929379	0.0591871759261
2.53752238211	0.036158776051	0.0715195936877
2.54338271094	0.0760425688876	0.0788702585827
2.54924303976	0.111335808714	0.0801739699838
2.55510336859	0.140466960692	0.0747695321816
2.56096369742	0.162190436564	0.0624930419076
2.56682402625	0.175691853516	0.0437389852273
2.57268435507	0.180670575184	0.019480795377
2.5785446839	0.177390137725	-0.00875481980981
2.58440501273	0.166688870892	-0.0389620378259
2.59026534155	0.149945654821	-0.0687768512476
2.59612567038	0.128999164335	-0.0956388485852
2.60198599921	0.106022904774	-0.116983865147
2.60784632803	0.0833625159885	-0.130453986026
2.61370665686	0.063345835709	-0.134108743059
2.61956698569	0.0480796675999	-0.126619921167
2.62542731452	0.0392497052217	-0.107432404223
2.63128764334	0.0379412896056	-0.0768750547437
2.63714797217	0.044498389896	-0.0362087046109
2.643008301	0.0584362868714	0.0123972404568
2.64886862982	0.0784199521509	0.0659626252831
2.65472895865	0.102315253998	0.120865786308
2.66058928748	0.127314236312	0.173075051137
2.66644961631	0.15012928824	0.218427644794
2.67230994513	0.167244610673	0.252936437648
2.67817027396	0.175207589753	0.273101697694
2.68403060279	0.17093807943	0.27620352536
2.68989093161	0.152030666189	0.260551148773
2.69575126044	0.117024095259	0.225667764331
2.70161158927	0.0656133592244	0.172393964559
2.70747191809	-0.0012165336587	0.102898676579
2.71333224692	-0.0811506086346	0.0205934724181
2.71919257575	-0.170606249622	-0.0700464608221
2.72505290458	-0.264898237279	-0.163744104193
2.7309132334	-0.358498606364	-0.254747995936
2.73677356223	-0.445375504867	-0.337202803756
2.74263389106	-0.519388410461	-0.405537105583
2.74849421988	-0.574711930875	-0.454840862915
2.75435454871	-0.606257439667	-0.481205656295
2.76021487754	-0.610061246837	-0.482003400408
2.76607520636	-0.583609934027	-0.4560837322
2.77193553519	-0.526077742528	-0.403876188551
2.77779586402	-0.438457137804	-0.327390170691
2.78365619285	-0.323571373167	-0.230112976731
2.78951652167	-0.185966409322	-0.116813302523
2.7953768505	-0.0316882306072	0.00673597123635
2.80123717933	0.132040249406	0.134096631097
2.80709750815	0.297221501592	0.258542801482
2.81295783698	0.455538387028	0.373452594505
2.81881816581	0.598832014824	0.472688681909
2.82467849464	0.719571509169	0.55094424828
2.83053882346	0.811285856791	0.604033841263
2.83639915229	0.8689311716	0.629112934509
2.84225948112	0.889171616023	0.624815192438
2.84811980994	0.870558428377	0.591302063157
2.85398013877	0.81359851793	0.530225011744
2.8598404676	0.720711369512	0.444606051803
2.86570079642	0.59608002641	0.338646902564
2.87156112525	0.445408225072	0.217480828894
2.87742145408	0.27560095301	0.086883835612
2.88328178291	0.0943895136755	-0.0470367007649
2.88914211173	-0.0900755518628	-0.178157667366
2.89500244056	-0.269639658035	-0.300642726515
2.90086276939	-0.436544292728	-0.409216184911
2.90672309821	-0.583791058612	-0.49939534365
2.91258342704	-0.705451932341	-0.567671634234
2.91844375587	-0.796912145714	-0.611634326857
2.92430408469	-0.855036695823	-0.630034141762
2.93016441352	-0.878256265458	-0.62278748707
2.93602474235	-0.866572978159	-0.590925103968
2.94188507118	-0.821490659521	-0.536491479382
2.9477454	-0.74587791364	-0.462403388757
2.95360572883	-0.643775196303	-0.372277303943
2.95946605766	-0.520159082268	-0.27023613326
2.96532638648	-0.380678052062	-0.160705880439
2.97118671531	-0.231374389467	-0.0482123759985
2.97704704414	-0.0784062578181	0.0628126677504
2.98290737297	0.0722171775394	0.16820829886
2.98876770179	0.214876454401	0.264237219867
2.99462803062	0.344549350065	0.347710176323
3.00048835945	0.456978615946	0.416078820481
3.00634868827	0.548795725701	0.467495727201
3.0122090171	0.61759885061	0.500841815163
3.01806934593	0.661985509727	0.51572281998
3.02392967475	0.681542320199	0.512437632318
3.02979000358	0.676795928631	0.491922226235
3.03565033241	0.649130496119	0.45567354971
3.04151066124	0.600678019476	0.405658134094
3.04737099006	0.534188302246	0.344210317636
3.05323131889	0.452885562135	0.273924895282
3.05909164772	0.360318511724	0.197548734658
3.06495197654	0.260210322736	0.117875472462
3.07081230537	0.156314233868	0.0376468643349
3.0766726342	0.0522797448284	-0.0405362578003
3.08253296303	-0.048466587999	-0.114291128507
3.08839329185	-0.142822721678	-0.181516670991
3.09425362068	-0.228093018804	-0.240442631912
3.10011394951	-0.302049369836	-0.289663875066
3.10597427833	-0.362971334706	-0.328160033958
3.11183460716	-0.409665875831	-0.355301204681
3.11769493599	-0.441467922335	-0.370840761183
3.12355526481	-0.458223547214	-0.374896690833
3.12941559364	-0.460257952022	-0.367923079203
3.13527592247	-0.448330739373	-0.350673522151
3.1411362513	-0.423581118545	-0.324158316573
3.14699658012	-0.387465743539	-0.289597286302
3.15285690895	-0.341691838161	-0.248370045612
3.15871723778	-0.288148132965	-0.201965399506
3.1645775666	-0.228835939416	-0.151931437381
3.17043789543	-0.165802433065	-0.0998277044255
3.17629822426	-0.101077925847	-0.0471806424415
3.18215855308	-0.0366185934616	0.0045567131349
3.18801888191	0.0257441985561	0.0540400029604
3.19387921074	0.0843471438734	0.100063211531
3.19973953957	0.137730295267	0.141582365796
3.20559986839	0.184664169196	0.177733088088
3.21146019722	0.224168657321	0.207842003116
3.21732052605	0.255523962709	0.231432158347
3.22318085487	0.278273959604	0.248222758416
3.2290411837	0.292222522557	0.258123636295
3.23490151253	0.297423484671	0.261224986738
3.24076184136	0.294164967469	0.257782971088
3.24662217018	0.282948878873	0.248201867493
3.25248249901	0.264466403373	0.233013487721
3.25834282784	0.239570312964	0.212854611567
3.26420315666	0.209244912105	0.18844320305
3.27006348549	0.174574399265	0.1605541693
3.27592381432	0.13671038589	0.129995403359
3.28178414314	0.0968392661127	0.0975848156829
3.28764447197	0.0561500816445	0.0641290056558
3.2935048008	0.015803480441	0.0304041533877
3.29936512963	-0.0230976724698	-0.00286037666154
3.30522545845	-0.0595355066449	-0.0349953349619
3.31108578728	-0.0926016815324	-0.0654015267636
3.31694611611	-0.121518768756	-0.0935562680762
3.32280644493	-0.145658026312	-0.119016383372
3.32866677376	-0.164553135436	-0.141417928685
3.33452710259	-0.177909506316	-0.160472984389
3.34038743142	-0.185608809126	-0.175964018052
3.34624776024	-0.187708456965	-0.187736460899
3.35210808907	-0.184435861266	-0.195690261829
3.3579684179	-0.176177400856	-0.199771269906
3.36382874672	-0.163462194621	-0.199963338796
3.36968907555	-0.146940944005	-0.196282034218
3.37554940438	-0.127360312629	-0.188770749166
3.3814097332	-0.105533530444	-0.177499885162
3.38727006203	-0.0823081401026	-0.162569539058
3.39313039086	-0.0585320310913	-0.144115846987
3.39899071969	-0.0350191165203	-0.122320789757
3.40485104851	-0.01251617908	-0.0974248739926
3.41071137734	0.00832747450724	-0.0697416949795
3.41657170617	0.0269858786835	-0.0396729915716
3.42243203499	0.0430761892231	-0.00772245753189
3.42829236382	0.0563709556233	0.025493682467
3.43415269265	0.0668017675778	0.0592414494743
3.44001302147	0.0744535832728	0.0926713143444
3.4458733503	0.0795495818285	0.124829663891
3.45173367913	0.0824270009495	0.154680908326
3.45759400796	0.0835050873817	0.181140937661
3.46345433678	0.0832469553368	0.203121766414
3.46931466561	0.082117762123	0.219586182688
3.47517499444	0.0805421123167	0.229610104475
3.48103532326	0.0788639342206	0.232449229356
3.48689565209	0.0773121836152	0.227605546882
3.49275598092	0.0759755804505	0.214888479512
3.49861630975	0.0747891522032	0.194464941714
3.50447663857	0.0735346435906	0.166892560789
3.5103369674	0.0718558824188	0.13313076646
3.51619729623	0.069289019053	0.0945254726035
3.52205762505	0.0653062620816	0.0527646403674
3.52791795388	0.0593704172053	0.00980406914511
3.53377828271	0.0509963177025	-0.0322348054866
3.53963861153	0.0398142362585	-0.0711906912712
3.54549894036	0.0256297069733	-0.105004758628
3.55135926919	0.00847396187414	-0.131870104694
3.55721959802	-0.0113605338509	-0.150377134261
3.56307992684	-0.0333041532668	-0.159642567943
3.56894025567	-0.0565171732503	-0.1594097005
3.5748005845	-0.0799214716977	-0.150108554017
3.58066091332	-0.102256436948	-0.132866744461
3.58652124215	-0.122156473174	-0.109465140525
3.59238157098	-0.138245344379	-0.0822365604713
3.59824189981	-0.149240720748	-0.0539105353409
3.60410222863	-0.154060871604	-0.0274121819885
3.60996255746	-0.151924656247	-0.00562802926544
3.61582288629	-0.142435915153	0.00884424781843
3.62168321511	-0.125644112675	0.0139422607093
3.62754354394	-0.102074607845	0.00836013698704
3.63340387277	-0.0727241351199	-0.00827646963818
3.63926420159	-0.0390197947003	-0.0353003343836
3.64512453042	-0.00274285727737	-0.0709721913862
3.65098485925	0.0340782815843	-0.112538686736
3.65684518808	0.0692988828047	-0.156380625848
3.6627055169	0.100803000056	-0.198245750432
3.66856584573	0.126652059885	-0.233552639792
3.67442617456	0.145225340354	-0.257745381231
3.68028650338	0.155341144408	-0.266673064535
3.68614683221	0.156348772087	-0.256964503024
3.69200716104	0.148183569998	-0.226367293278
3.69786748986	0.131380195945	-0.174021621853
3.70372781869	0.10704253485	-0.100643105446
3.70958814752	0.0767721516105	-0.00859517004993
3.71544847635	0.0425604660683	0.0981604269839
3.72130880517	0.00665269868445	0.214236994116
3.727169134	-0.0286061807993	0.333112484331
3.73302946283	-0.0609319446171	0.447518077827
3.73888979165	-0.0882561137485	0.54990031759
3.74475012048	-0.108864157219	0.632924952835
3.75061044931	-0.121507056373	0.689986685406
3.75647077814	-0.125478645237	0.71568783475
3.76233110696	-0.120653910086	0.706250645914
3.76819143579	-0.10748648923	0.659832424547
3.77405176462	-0.0869666970429	0.576719525195
3.77991209344	-0.0605442541557	0.459384882315
3.78577242227	-0.030022320389	0.312403554027
3.7916327511	0.00256877055857	0.142230866005
3.79749307992	0.0351085937985	-0.0431425923571
3.80335340875	0.0655247337885	-0.234636386705
3.80921373758	0.0919225257082	-0.422596656059
3.81507406641	0.11269814432	-0.597349682193
3.82093439523	0.126628364867	-0.749756835512
3.82679472406	0.132932313165	-0.871735757442
3.83265505289	0.131302712934	-0.956715689129
3.83851538171	0.121906349998	-1.0
3.84437571054	0.105355541037	-0.999015745744
3.85023603937	0.082654180239	-0.953437936304
3.85609636819	0.0551233355644	-0.865184516979
3.86195669702	0.0243123118212	-0.738286259357
3.86781702585	-0.00809843504719	-0.578643271651
3.87367735468	-0.0403961460707	-0.393686204273
3.8795376835	-0.070930400718	-0.191965094263
3.88539801233	-0.0981983476427	0.0173080598093
3.89125834116	-0.120916344462	0.224735558823
3.89711866998	-0.138075012085	0.421202086352
3.90297899881	-0.148975960179	0.598309624265
3.90883932764	-0.153249667631	0.748757586488
3.91469965647	-0.15085512922	0.866650966329
3.92055998529	-0.142062847905	0.947724379878
3.92642031412	-0.12742352017	0.989475285935
3.93228064295	-0.107725307471	0.991205020536
3.93814097177	-0.0839429048499	0.953971287055
3.9440013006	-0.0571817179612	0.880460130462
3.94986162943	-0.0286203640013	0.774789000163
3.95572195825	0.000545549001008	0.642255143402
3.96158228708	0.0291557998942	0.489045213461
3.96744261591	0.0561320039598	0.32192263183
3.97330294474	0.0805165791569	0.147908975945
3.97916327356	0.10150321766	-0.0260254156017
3.98502360239	0.118458376421	-0.193248176116
3.99088393122	0.130933780342	-0.347717789062
3.99674426004	0.138670346397	-0.484194000218
4.00260458887	0.141594273817	-0.598399894794
4.0084649177	0.13980629844	-0.687132515827
4.01432524653	0.133565278567	-0.748321510023
4.02018557535	0.123267370588	-0.781037648003
4.02604590418	0.109422073835	-0.785455091237
4.03190623301	0.092626386806	-0.762772909893
4.03776656183	0.0735382328965	-0.715102563431
4.04362689066	0.0528501948237	-0.645328833561
4.04948721949	0.0312644540224	-0.556952063137
4.05534754831	0.00946967404358	-0.4539195387
4.06120787714	-0.0118795961256	-0.340453506229
4.06706820597	-0.0321805847133	-0.220882685908
4.0729285348	-0.0508967660689	-0.0994833143096
4.07878886362	-0.0675690179977	0.0196652455344
4.08464919245	-0.081823475067	0.132806362869
4.09050952128	-0.0933761914059	0.23661061308
4.0963698501	-0.102034811583	0.328257105011
4.10223017893	-0.107697512156	0.405490932162
4.10809050776	-0.11034952067	0.466656956775
4.11395083658	-0.110057545635	0.510710956189
4.11981116541	-0.106962463462	0.537209846598
4.12567149424	-0.101270609888	0.5462832422
4.13153182307	-0.0932440172504	0.538589006056
4.13739215189	-0.0831899275993	0.51525570726
4.14325248072	-0.0714498967059	0.477815026175
4.14911280955	-0.0583887863799	0.42812715837
4.15497313837	-0.0443839222211	0.368302173629
4.1608334672	-0.0298146708796	0.300620105848
4.16669379603	-0.0150526649113	0.227452300402
4.17255412486	-0.000452874567465	0.151186245194
4.17841445368	0.0136543050327	0.0741557769132
4.18427478251	0.0269698149676	-0.00142179917208
4.19013511134	0.0392314375988	-0.0735004953609
4.19599544016	0.0502179727803	-0.140251503295
4.20185576899	0.0597520423385	-0.200099633756
4.20771609782	0.0677015088887	-0.251750144266
4.21357642664	0.0739795236024	-0.294206040701
4.21943675547	0.0785432468266	-0.326776180846
4.2252970843	0.0813913166096	-0.349074712964
4.23115741313	0.0825601739102	-0.361012550423
4.23701774195	0.0821193895204	-0.362781715069
4.24287807078	0.0801661755519	-0.354833478945
4.24873839961	0.0768193018036	-0.337851298693
4.25459872843	0.0722126718484	-0.312719572393
4.26045905726	0.0664888422637	-0.280489258265
4.26631938609	0.0597927881504	-0.24234138201
4.27217971492	0.0522662263343	-0.199549428495
4.27804004374	0.0440428023979	-0.15344156735
4.28390037257	0.0352444274956	-0.105363604277
4.2897607014	0.0259790148253	-0.0566434830825
4.29562103022	0.0163398130882	-0.00855808980968
4.30148135905	0.00640646498602	0.0376969688265
4.30734168788	-0.00375216715974	0.0810340246348
4.3132020167	-0.0140734685715	0.120495945959
4.31906234553	-0.0244950081893	0.15527427071
4.32492267436	-0.0349472475119	0.184722572381
4.33078300319	-0.0453454590039	0.208364866484
4.33664333201	-0.0555814223468	0.225898982628
4.34250366084	-0.0655155862533	0.237194953568
4.34836398967	-0.0749704789281	0.242288606066
4.35422431849	-0.0837262081423	0.241370677067
4.36008464732	-0.0915188987347	0.234771919294
4.36594497615	-0.0980428588285	0.222944797781
4.37180530497	-0.102957136563	0.206442507027
4.3776656338	-0.105896921256	0.185896149839
4.38352596263	-0.10648995674	0.161991005039
4.38938629146	-0.104377776779	0.13544286332
4.39524662028	-0.0992411568513	0.106975419807
4.40110694911	-0.0908287247867	0.0772996709455
4.40696727794	-0.078987213549	0.0470961664245
4.41282760676	-0.063691408681	0.017000811865
4.41868793559	-0.0450714813844	-0.0124052934796
4.42454826442	-0.0234351499564	-0.0406017606418
4.43040859325	0.000717978718856	-0.0671306310183
4.43626892207	0.0266924297481	-0.0915943038575
4.4421292509	0.0536054502992	-0.113650374672
4.44798957973	0.0804097957474	-0.133004368786
4.45384990855	0.105931512517	-0.149401574345
4.45971023738	0.128922470996	-0.162619310311
4.46557056621	0.148126182847	-0.172460982658
4.47143089503	0.162354121786	-0.178753168473
4.47729122386	0.170568455209	-0.181346715403
4.48315155269	0.17196590454	-0.180122457947
4.48901188152	0.166056514016	-0.175001651946
4.49487221034	0.152730549706	-0.165960648574
4.50073253917	0.132306688052	-0.153048717337
4.506592868	0.105555173859	-0.136407343058
4.51245319682	0.0736907780388	-0.11628883014
4.51831352565	0.0383321594627	-0.0930717146856
4.52417385448	0.00142656606269	-0.0672703706191
4.53003418331	-0.0348584326095	-0.039536345197
4.53589451213	-0.0682714971364	-0.0106493960267
4.54175484096	-0.0966346850226	0.0185030775996
4.54761516979	-0.118010861365	0.046958546309
4.55347549861	-0.130868851232	0.0737229901159
4.55933582744	-0.134232543452	0.0978236121472
4.56519615627	-0.127799937273	0.118367367379
4.57105648509	-0.112019128078	0.134601006244
4.57691681392	-0.0881105101537	0.145967588475
4.58277714275	-0.0580279706646	0.152154091125
4.58863747158	-0.0243563717792	0.153124903048
4.5944978004	0.0098521409056	0.149136709649
4.60035812923	0.0412949175677	0.140731516334
4.60621845806	0.0666752146949	0.128706268433
4.61207878688	0.0829801043642	0.114059573563
4.61793911571	0.087758266286	0.0979182442756
4.62379944454	0.0793741860892	0.0814485438042
4.62965977336	0.0572153571937	0.0657589098424
4.63552010219	0.0218312438481	0.0518023323142
4.64138043102	-0.0250130260798	0.0402872851036
4.64724075985	-0.080379241852	0.0316060279246
4.65310108867	-0.140298544721	0.0257881458798
4.6589614175	-0.200009062268	0.0224854091004
4.66482174633	-0.25427573416	0.020991529942
4.67068207515	-0.297771594681	0.0202973691766
4.67654240398	-0.325493403678	0.0191788601128
4.68240273281	-0.333180132908	0.0163116871509
4.68826306164	-0.317700900488	0.0104038916495
4.69412339046	-0.277379776855	0.000335381374257
4.69998371929	-0.212228496228	-0.0147079637903
4.70584404812	-0.124064282403	-0.0351181014336
4.71170437694	-0.0164982848106	-0.0607781213341
4.71756470577	0.105210131884	-0.0910145503546
4.7234250346	0.234427588571	-0.124595196287
4.72928536342	0.363533515452	-0.159775359046
4.73514569225	0.484394581784	-0.194391153898
4.74100602108	0.588894402506	-0.225994588004
4.74686634991	0.669481339211	-0.252021279669
4.75272667873	0.719695229108	-0.269978652621
4.75858700756	0.734634927683	-0.277640356834
4.76444733639	0.711332547299	-0.273231756583
4.77030766521	0.649006878412	-0.255591672676
4.77616799404	0.549177143917	-0.224297143482
4.78202832287	0.415628252681	-0.179740642871
4.78788865169	0.254229283101	-0.123152732485
4.79374898052	0.0726172157277	-0.0565672284102
4.79960930935	-0.120232833414	0.0172697165925
4.80546963818	-0.314522119115	0.0950410304653
4.811329967	-0.500193478114	0.173041342513
4.81719029583	-0.66751048191	0.247388556848
4.82305062466	-0.807613690056	0.314250144402
4.82891095348	-0.913019631608	0.370069031855
4.83477128231	-0.978032867962	0.411774207045
4.84063161114	-0.999048029789	0.436962471059
4.84649193997	-0.9747265231	0.444040006659
4.85235226879	-0.906041054715	0.432315394975
4.85821259762	-0.796189617614	0.402039147027
4.86407292645	-0.650388522343	0.354388451538
4.86993325527	-0.475560961299	0.291399404875
4.8757935841	-0.279943057036	0.21585223467
4.88165391293	-0.0726331112651	0.131117747514
4.88751424175	0.136888287592	0.0409752679387
4.89337457058	0.339239515307	-0.0505864041357
4.89923489941	0.525594299498	-0.139573039364
4.90509522824	0.688090039463	-0.222182381147
4.91095555706	0.820169020583	-0.294984290189
4.91681588589	0.916838449793	-0.355074632642
4.92267621472	0.974840628832	-0.400195960007
4.92853654354	0.992730036561	-0.428820342944
4.93439687237	0.970859280577	-0.440192134939
4.9402572012	0.911280522392	-0.434330797826
4.94611753003	0.817572862936	-0.411996081361
4.95197785885	0.694609149034	-0.374619701538
4.95783818768	0.548277650054	-0.324209126334
4.96369851651	0.385175046981	-0.263230104845
4.96955884533	0.21228722235	-0.194475149743
4.97541917416	0.0366735357944	-0.120925316402
4.98127950299	-0.134831250151	-0.045612352181
4.98713983181	-0.295885308562	0.0285123269968
4.99300016064	-0.440868734702	0.0986962681337
4.99886048947	-0.565066253601	0.162487746753
5.0047208183	-0.664799469735	0.217817401481
5.01058114712	-0.737507142451	0.263057722375
5.01644147595	-0.781774425318	0.29705959869
5.02230180478	-0.797314158034	0.319166263861
5.0281621336	-0.78490507726	0.329205971296
5.03402246243	-0.746293177358	0.32746555993
5.03988279126	-0.684063389147	0.314647702781
5.04574312008	-0.601489263478	0.291815067089
5.05160344891	-0.502368475224	0.26032485439
5.05746377774	-0.390851745834	0.221757246074
5.06332410657	-0.271272272663	0.177841174657
5.06918443539	-0.147982010894	0.130380598691
5.07504476422	-0.0252002405487	0.0811841080597
5.08090509305	0.093121172858	0.0320002559565
5.08676542187	0.203412493848	-0.0155394670101
5.0926257507	0.302578560973	-0.0599686050928
5.09848607953	0.388067754715	-0.100023747207
5.10434640836	0.457917252771	-0.134672145473
5.11020673718	0.510775201167	-0.163128953947
5.11606706601	0.545901171211	-0.184864486048
5.12192739484	0.56314687793	-0.199602213861
5.12778772366	0.562919599451	-0.207308489468
5.13364805249	0.546131059953	-0.208175156236
5.13950838132	0.51413472758	-0.202596338197
5.14536871014	0.468654544511	-0.191140752713
5.15122903897	0.411708063627	-0.174520892169
5.1570893678	0.345526831917	-0.153560372294
5.16294969663	0.272476652505	-0.129160656799
5.16881002545	0.194980092516	-0.102268249147
5.17467035428	0.11544329937	-0.0738433013055
5.18053068311	0.0361888582967	-0.0448304343531
5.18639101193	-0.0406039181354	-0.0161324042157
5.19225134076	-0.112950220851	0.0114129157582
5.19811166959	-0.179101782653	0.0370519195213
5.20397199842	-0.237579329981	0.060130849682
5.20983232724	-0.28719534954	0.0801075352958
5.21569265607	-0.327067338669	0.0965593584844
5.2215529849	-0.35662194324	0.109187614765
5.22741331372	-0.375590586682	0.117818503253
5.23327364255	-0.383997357257	0.122401032949
5.23913397138	-0.38214004841	0.123002161302
5.2449943002	-0.37056534066	0.11979949325
5.25085462903	-0.350039175957	0.113071866134
5.25671495786	-0.321513410221	0.103188131794
5.26257528669	-0.28608984041	0.0905944258525
5.26843561551	-0.244982692077	0.0758001897859
5.27429594434	-0.199480624404	0.0593631876399
5.28015627317	-0.15090926354	0.0418737398787
5.28601660199	-0.100595212566	0.0239383848301
5.29187693082	-0.0498324075402	0.00616317611244
5.29773725965	0.000148406083313	-0.0108631658377
5.30359758847	0.0482064136725	-0.0265860073617
5.3094579173	0.0933131521939	-0.0405011838164
5.31531824613	0.134570216547	-0.0521706863077
5.32117857496	0.171222009787	-0.0612372717582
5.32703890378	0.202663458366	-0.0674375531033
5.33289923261	0.228442782378	-0.0706130655145
5.33875956144	0.248259581698	-0.0707187527672
5.34461989026	0.261958666842	-0.0678282846053
5.35048021909	0.269520222682	-0.062135611515
5.35634054792	0.271047036719	-0.0539521980284
5.36220087675	0.26674964339	-0.0436994588639
5.36806120557	0.256930322462	-0.0318960610245
5.3739215344	0.241966933204	-0.0191399532214
5.37978186323	0.222297556799	-0.00608524098712
5.38564219205	0.198406849111	0.00658566443238
5.39150252088	0.170814868612	0.0181938449246
5.39736284971	0.140068938572	0.0280984708357
5.40322317853	0.106738832664	0.0357326706922
5.40908350736	0.0714152495031	0.0406388139995
5.41494383619	0.0347111823626	0.0425010716929
5.42080416502	-0.0027345799858	0.0411729453098
5.42666449384	-0.040252935777	0.0366974177322
5.43252482267	-0.0771403461811	0.0293175060462
5.4383851515	-0.112656718774	0.0194753135694
5.44424548032	-0.146026989928	0.00779819463556
5.45010580915	-0.176448017826	-0.0049286417745
5.45596613798	-0.203102140135	-0.0178028773856
5.4618264668	-0.225178306386	-0.0298579496203
5.46768679563	-0.241901072945	-0.0401257213282
5.47354712446	-0.252566974856	-0.0477055673464
5.47940745329	-0.25658691075	-0.0518355243777
5.48526778211	-0.253532260688	-0.0519603945565
5.49112811094	-0.243181585206	-0.0477912470255
5.49698843977	-0.225564021398	-0.0393507147705
5.50284876859	-0.200994996892	-0.0269989021979
5.50870909742	-0.170099717914	-0.0114356359121
5.51456942625	-0.133820129313	0.00632380133545
5.52042975508	-0.0934017409871	0.0250004711711
5.5262900839	-0.0503578768166	0.0431299599475
5.53215041273	-0.00641049333109	0.0591634333677
5.53801074156	0.0365913499746	0.0715857198251
5.54387107038	0.0767721438546	0.0790424621231
5.54973139921	0.112344308429	0.0804667091522
5.55559172804	0.141728906973	0.0751943052923
5.56145205686	0.163673710942	0.063057247049
5.56731238569	0.177358655554	0.0444449271398
5.57317271452	0.182478543996	0.0203249129693
5.57903304335	0.17929359777	-0.0077824428516
5.58489337217	0.168640158518	-0.0378778338323
5.590753701	0.151896478629	-0.0676035768031
5.59661402983	0.130901950704	-0.0944050402179
5.60247435865	0.107832080563	-0.115722966273
5.60833468748	0.0850356839795	-0.129203189999
5.61419501631	0.0648448049347	-0.132907613476
5.62005534514	0.049371310032	-0.12550886098
5.62591567396	0.0403066213807	-0.106451049645
5.63177600279	0.0387422772848	-0.0760606692366
5.63763633162	0.045028720821	-0.0355946437836
5.64349666044	0.05868780444	0.0127829288298
5.64935698927	0.0783910085623	0.0660984095482
5.6552173181	0.102010506922	0.120737618972
5.66107764692	0.126744324338	0.17267705664
5.66693797575	0.149310401796	0.217762496673
5.67279830458	0.166197972385	0.252015406337
5.67865863341	0.173958856459	0.271944364159
5.68451896223	0.169516678137	0.274837171957
5.69037929106	0.150469078098	0.259009855981
5.69623961989	0.115357104893	0.22399125867
5.70209994871	0.0638772884098	0.170626276781
5.70796027754	-0.0029845860125	0.101086678084
5.71382060637	-0.0829135014022	0.0187853604799
5.71968093519	-0.172327493638	-0.0718026623641
5.72554126402	-0.266542639966	-0.165401971532
5.73140159285	-0.360032865223	-0.256264014836
5.73726192168	-0.446768754442	-0.338537531379
5.7431222505	-0.520612730696	-0.406656165995
5.74898257933	-0.575742824041	-0.455715766133
5.75484290816	-0.607074278165	-0.481814435134
5.76070323698	-0.610647686332	-0.482331060392
5.76656356581	-0.583954277637	-0.456122509122
5.77242389464	-0.526173234756	-0.403625608255
5.77828422347	-0.438302163957	-0.326856908243
5.78414455229	-0.323169542437	-0.229310518448
5.79000488112	-0.185326507481	-0.1157614241
5.79586520995	-0.030824039757	0.00801188568408
5.80172553877	0.133110254195	0.13556639338
5.8075858676	0.29847455879	0.2601723041
5.81344619643	0.456947933319	0.375204731294
5.81930652525	0.600368224267	0.474524265103
5.82516685408	0.72120187054	0.552822893274
5.83102718291	0.812975783604	0.605914804369
5.83688751174	0.870644650118	0.630955902664
5.84274784056	0.890871903231	0.626581033614
5.84860816939	0.872208811391	0.592953549382
5.85446849822	0.815163137514	0.531727522387
5.86032882704	0.722156094585	0.445928254285
5.86618915587	0.597373347453	0.339761394162
5.8720494847	0.446522117405	0.21836471119
5.87790981353	0.276511651479	0.0875191865244
5.88377014235	0.0950781422568	-0.046662490389
5.88963047118	-0.0896225374233	-0.178051714466
5.89549080001	-0.269430231583	-0.300806637335
5.90135112883	-0.436580810487	-0.409646179708
5.90721145766	-0.584070364045	-0.500082488757
5.91307178649	-0.705965557529	-0.568602135853
5.91893211531	-0.797646553568	-0.612789843286
5.92479244414	-0.85597352529	-0.631392085854
5.93065277297	-0.879372574425	-0.624321315799
5.9365131018	-0.867841518392	-0.592604620977
5.94237343062	-0.82288025375	-0.538283201558
5.94823375945	-0.747354025576	-0.464271041314
5.95409408828	-0.645300780833	-0.374182504649
5.9599544171	-0.521695771429	-0.272139303223
5.96581474593	-0.382187675333	-0.162567379156
5.97167507476	-0.232820753785	-0.0499938091212
5.97753540358	-0.0797570381727	0.0611470679173
5.98339573241	0.0709886452677	0.166690356749
5.98925606124	0.213789715369	0.262893715894
5.99511639007	0.343615932191	0.346562102452
6.00097671889	0.456201861711	0.415141093996
6.00683704772	0.548171433522	0.466777404582
6.01269737655	0.617116692897	0.500346776578
6.01855770537	0.661631080603	0.5154508252
6.0244180342	0.681299570516	0.512385593495
6.03027836303	0.676649686939	0.492085512201
6.03613869186	0.649068762041	0.45604713549
6.04199902068	0.600693751975	0.406237437722
6.04785934951	0.534280501726	0.34499161804
6.05371967834	0.453059547041	0.274905289905
6.05958000716	0.360585398363	0.198725661622
6.06544033599	0.260585812611	0.119245878372
6.07130066482	0.156816881351	0.0392061370689
6.07716099364	0.0529289119101	-0.0387954555814
6.08302132247	-0.047652883806	-0.112379993834
6.0888816513	-0.141829888074	-0.179451252273
6.09474198013	-0.226911763312	-0.238244596341
6.10060230895	-0.300677279576	-0.28736100079
6.10646263778	-0.361414110478	-0.325786401743
6.11232296661	-0.407938193042	-0.352897081257
6.11818329543	-0.439593899635	-0.368452175568
6.12404362426	-0.456236801443	-0.372574708221
6.12990395309	-0.458201212911	-0.365722778491
6.13576428192	-0.446254997549	-0.348652687212
6.14162461074	-0.421544292126	-0.322375860811
6.14748493957	-0.385530873964	-0.288111445588
6.1533452684	-0.339924862697	-0.247236394887
6.15920559722	-0.286615323074	-0.20123476953
6.16506592605	-0.227601132431	-0.151647825901
6.17092625488	-0.164924211072	-0.100026286413
6.1767865837	-0.100606904648	-0.0478859843445
6.18264691253	-0.0365949740589	0.00333214043216
6.18850724136	0.0252926905208	0.0522969368268
6.19436757019	0.0834068427678	0.0978162847659
6.20022789901	0.136302656065	0.138860342825
6.20608822784	0.182766290402	0.174578647808
6.21194855667	0.2218332765	0.204311083938
6.21780888549	0.252798946559	0.227592892919
6.22366921432	0.275221311987	0.244154032405
6.22952954315	0.288916930327	0.253913309739
6.23538987197	0.293950418657	0.256967820415
6.2412502008	0.290618360131	0.253578306345
6.24711052963	0.279428413881	0.244151116941
6.25297085846	0.261074475412	0.229217505592
6.25883118728	0.2364087447	0.209411024409
6.26469151611	0.206411543763	0.185443790966
6.27055184494	0.172159688139	0.158082392343
6.27641217376	0.134794163381	0.128124164825
6.28227250259	0.0954877960157	0.0963745432315
6.28813283142	0.0554135463729	0.0636261131835
6.29399316025	0.0157139954311	0.0306399236237
6.29985348907	-0.0225274461068	-0.00187047387938
6.3057138179	-0.0583131094146	-0.033251897737
6.31157414673	-0.090754943113	-0.0629210790395
6.31743447555	-0.119095230694	-0.0903707655832
6.32329480438	-0.142723703254	-0.115172423434
6.32915513321	-0.16119062479	-0.136975725932
6.33501546203	-0.17421546576	-0.155505177351
6.34087579086	-0.181690838512	-0.170554372087
6.34673611969	-0.183681448319	-0.181978531149
6.35259644852	-0.180417917082	-0.189686075153
6.35845677734	-0.172285463052	-0.193630075589
6.36431710617	-0.15980756806	-0.193800462534
6.370177435	-0.143624932341	-0.19021784719
6.37603776382	-0.124470203837	-0.182929733688
6.38189809265	-0.103139170433	-0.172009742061
6.38775842148	-0.0804593138337	-0.157560242789
6.3936187503	-0.0572568331961	-0.139718517711
6.39947907913	-0.0343234413944	-0.118666223146
6.40533940796	-0.0123843987198	-0.0946415557491
6.41119973679	0.00793064339022	-0.0679531334859
6.41706006561	0.0261123849775	-0.0389942327878
6.42292039444	0.0417906696509	-0.00825570287777
6.42878072327	0.054745969833	0.0236643527485
6.43464105209	0.0649125113923	0.0560561416742
6.44050138092	0.0723724058244	0.0881009508111
6.44636170975	0.0773406847945	0.11888282636
6.45222203858	0.0801417361205	0.147410422175
6.4580823674	0.0811782836863	0.172649616899
6.46394269623	0.0808946888278	0.193566660074
6.46980302506	0.0797369241317	0.209180625783
6.47566335388	0.078112027295	0.218622893689
6.48152368271	0.0763501303553	0.221200326265
6.48738401154	0.074672233256	0.216457867504
6.49324434036	0.0731667174124	0.204235560691
6.49910466919	0.07177715823	0.184714577632
