Time (fs)	Ex (arb. u.)	Ey (arb. u.)
0.503988279126	0.259141470535	0.226764080743
0.509848607953	0.24765150348	0.180400014031
0.51570893678	0.231219227487	0.130154527644
0.521569265607	0.210349163738	0.0771091129562
0.527429594434	0.18560725531	0.0224130646541
0.533289923261	0.157607653127	-0.0327379540796
0.539150252088	0.127000994443	-0.0871261870711
0.545010580915	0.0944642159218	-0.139538752443
0.550870909742	0.0606916480163	-0.188796864055
0.556731238569	0.0263868830983	-0.233786544722
0.562591567396	-0.00774526212162	-0.273489740138
0.568451896223	-0.0410074282004	-0.307014447953
0.57431222505	-0.0727197083072	-0.333622256453
0.580172553877	-0.102231435088	-0.352751580215
0.586032882704	-0.12893494342	-0.364034917535
0.591893211531	-0.152281134088	-0.36730865652
0.597753540358	-0.171796281751	-0.36261432855
0.603613869186	-0.187099171732	-0.350190736325
0.609474198013	-0.197917356071	-0.330457037233
0.61533452684	-0.204101123926	-0.303987591801
0.621194855667	-0.205633710205	-0.271480127486
0.627055184494	-0.202636334363	-0.233719446793
0.632915513321	-0.195366874648	-0.19153944982
0.638775842148	-0.184211338125	-0.145786574508
0.644636170975	-0.169667769758	-0.0972878261379
0.650496499802	-0.152322829702	-0.0468263351736
0.656356828629	-0.132821918768	0.00487315968827
0.662217157456	-0.11183439691	0.0571473365961
0.668077486283	-0.0900160560253	0.109385322156
0.67393781511	-0.0679715070063	0.161008445787
0.679798143937	-0.0462194526535	0.21144069821
0.685658472764	-0.0251638833234	0.260073067971
0.691518801591	-0.00507401133549	0.30622592611
0.697379130418	0.0139247581081	0.349114313321
0.703239459245	0.0318473148833	0.387821261446
0.709099788072	0.0488322971292	0.42128408802
0.714960116899	0.0651131577274	0.448297915243
0.720820445726	0.0809786570362	0.467539504295
0.726680774553	0.0967256674182	0.477612929493
0.73254110338	0.112608045873	0.477116753949
0.738401432208	0.1287859094	0.46473035329
0.744261761035	0.145279871433	0.439315034063
0.750122089862	0.161934638795	0.400023784947
0.755982418689	0.178395833998	0.346412051722
0.761842747516	0.194103036404	0.278540988573
0.767703076343	0.20830089299	0.197064320358
0.77356340517	0.220068819812	0.103290317077
0.779423733997	0.228368395412	-0.000788557319512
0.785284062824	0.232106139632	-0.112504051603
0.791144391651	0.23020807779	-0.228562065675
0.797004720478	0.22170140764	-0.345134946909
0.802865049305	0.205797801001	-0.457994108794
0.808725378132	0.181972452876	-0.562678069085
0.814585706959	0.150032985182	-0.654688343619
0.820446035786	0.110172738311	-0.729703376982
0.826306364613	0.0630038270248	-0.783799014963
0.83216669344	0.00956654822577	-0.813663058076
0.838027022267	-0.0486867759116	-0.816791261438
0.843887351094	-0.109933765052	-0.791652788386
0.849747679921	-0.172048285327	-0.73781454955
0.855608008748	-0.232687985374	-0.656015977167
0.861468337575	-0.289398532968	-0.548188459723
0.867328666403	-0.339728908192	-0.417416721408
0.87318899523	-0.381351379718	-0.26784267711
0.879049324057	-0.412179482921	-0.104515520436
0.884909652884	-0.430477434212	0.0668051917707
0.890769981711	-0.434954926729	0.239884091908
0.896630310538	-0.42484210517	0.408270776243
0.902490639365	-0.399940643552	0.565574005173
0.908350968192	-0.360648171368	0.705735884452
0.914211297019	-0.30795473118	0.823292687009
0.920071625846	-0.243411425015	0.913609804209
0.925931954673	-0.169072842184	0.973079799438
0.9317922835	-0.0874161854003	0.99927456963
0.937652612327	-0.00124115894902	0.991045068498
0.943512941154	0.0864444069618	0.948564757877
0.949373269981	0.172547595404	0.873315772258
0.955233598808	0.254016195994	0.768019550581
0.961093927635	0.327961363123	0.636516264309
0.966954256462	0.39177159023	0.483599626506
0.972814585289	0.443213078095	0.314815503205
0.978674914116	0.480512435115	0.136234094458
0.984535242943	0.502418672016	-0.045793732022
0.99039557177	0.508242566844	-0.224885096451
0.996255900597	0.497872604129	-0.394868139279
1.00211622942	0.471767769666	-0.550009539695
1.00797655825	0.430928458716	-0.6852177625
1.01383688708	0.376847596149	-0.796214737732
1.01969721591	0.311444753112	-0.879670378077
1.02555754473	0.236986568905	-0.933296182616
1.03141787356	0.155997148706	-0.955896067315
1.03727820239	0.0711623104034	-0.947374413924
1.04313853121	-0.0147683996916	-0.908703060061
1.04899886004	-0.0990781087959	-0.84185049717
1.05485918887	-0.179173877596	-0.749677847092
1.06071951769	-0.252669649697	-0.635807215017
1.06657984652	-0.31745823265	-0.504468745078
1.07244017535	-0.371770255337	-0.360333128374
1.07830050418	-0.414218705354	-0.208336439277
1.084160833	-0.443828323846	-0.0535040239296
1.09002116183	-0.460049782048	0.0992202355133
1.09588149066	-0.462759147165	0.245133568994
1.10174181948	-0.452243638628	0.379917947683
1.10760214831	-0.429175065845	0.499763667135
1.11346247714	-0.394572624905	0.601469839902
1.11932280597	-0.349756924189	0.682519769275
1.12518313479	-0.296297223239	0.74113018489
1.13104346362	-0.2359539214	0.776274286094
1.13690379245	-0.170618334649	0.78767942921
1.14276412127	-0.102251756043	0.775801084959
1.1486244501	-0.0328257064744	0.741775363457
1.15448477893	0.035734856609	0.687352943833
1.16034510775	0.101603798313	0.614817646956
1.16620543658	0.163100206285	0.526893151936
1.17206576541	0.218727897683	0.426641483694
1.17792609424	0.2672073217	0.317356898204
1.18378642306	0.30749947565	0.20245867536
1.18964675189	0.338821764222	0.0853861112652
1.19550708072	0.360656003248	-0.0305013017068
1.20136740954	0.372748986593	-0.142015890094
1.20722773837	0.375106192778	-0.246223814029
1.2130880672	0.367979312149	-0.340515339214
1.21894839603	0.351848338992	-0.422662092822
1.22480872485	0.327399012248	-0.490860498441
1.23066905368	0.295496418164	-0.543761039331
1.23652938251	0.257155596864	-0.580483426805
1.24238971133	0.213510023294	-0.600618141481
1.24825004016	0.165778854008	-0.604215161256
1.25411036899	0.115233833465	-0.591760985198
1.25997069781	0.063166724705	-0.564145303096
1.26583102664	0.0108580622025	-0.522618844034
1.27169135547	-0.0404520807561	-0.468744063797
1.2775516843	-0.0895907525483	-0.40434040153
1.28341201312	-0.135475802163	-0.33142585383
1.28927234195	-0.177136309669	-0.252156583614
1.29513267078	-0.213729620402	-0.168766207066
1.3009929996	-0.244554919708	-0.0835062910744
1.30685332843	-0.269063333065	0.00141054739185
1.31271365726	-0.28686455528	0.0838637123767
1.31857398608	-0.297730016733	0.161872822641
1.32443431491	-0.301592601844	0.233640169011
1.33029464374	-0.298542960356	0.297586768384
1.33615497257	-0.288822504369	0.352381537105
1.34201530139	-0.272813263068	0.396963289608
1.34787563022	-0.251024864057	0.430555441302
1.35373595905	-0.224079010162	0.452673455405
1.35959628787	-0.192691907246	0.463125220231
1.3654566167	-0.157655158877	0.462004675599
1.37131694553	-0.119815670924	0.449679124616
1.37717727436	-0.0800551051752	0.426770770471
1.38303760318	-0.0392693943388	0.394133107851
1.38889793201	0.00165120647958	0.352822875896
1.39475826084	0.0418410930837	0.304068344752
1.40061858966	0.080476900647	0.249234760961
1.40647891849	0.116793320511	0.189787817508
1.41233924732	0.150096783518	0.127256041256
1.41819957614	0.179776688579	0.0631930017222
1.42405990497	0.205313924759	-0.000859761605292
1.4299202338	0.226286542782	-0.0634082236851
1.43578056263	0.242372577214	-0.123038950831
1.44164089145	0.253350192815	-0.178449026123
1.44750122028	0.259095506442	-0.228472179772
1.45336154911	0.259578592273	-0.272100605176
1.45922187793	0.254858285125	-0.308502086306
1.46508220676	0.245076432329	-0.337032221929
1.47094253559	0.230452197458	-0.357241699547
1.47680286442	0.211276891603	-0.368878737631
1.48266319324	0.187909615139	-0.371886968575
1.48852352207	0.160773760804	-0.366399166764
1.4943838509	0.130354188382	-0.352727327101
1.50024417972	0.0971946630309	-0.331349662231
1.50610450855	0.0618949793612	-0.302895107754
1.51196483738	0.0251070898241	-0.268125903668
1.5178251662	-0.0124704711073	-0.227918761486
1.52368549503	-0.050100523412	-0.183245038124
1.52954582386	-0.0870180659174	-0.135150232018
1.53540615269	-0.122444314848	-0.0847330085902
1.54126648151	-0.155604017279	-0.0331238672884
1.54712681034	-0.185745780908	0.0185365037555
1.55298713917	-0.212164804208	0.0691191638826
1.55884746799	-0.234227019271	0.11752909975
1.56470779682	-0.251393306748	0.16272752369
1.57056812565	-0.263242150361	0.203754039675
1.57642845447	-0.269488915332	0.239748264711
1.5822887833	-0.269999907604	0.26997031576
1.58814911213	-0.264799536471	0.293819402494
1.59400944096	-0.254069281329	0.310849631694
1.59986976978	-0.238137747052	0.320782057118
1.60573009861	-0.217461845616	0.323512022841
1.61159042744	-0.192599998703	0.319110964943
1.61745075626	-0.164179128883	0.307822062569
1.62331108509	-0.132857994478	0.290049459097
1.62917141392	-0.0992900248108	0.266341188713
1.63503174275	-0.0640891412257	0.237366411811
1.64089207157	-0.0278020440247	0.20388804275
1.6467524004	0.00910992118738	0.166732297179
1.65261272923	0.0462769217027	0.126757042998
1.65847305805	0.083413445554	0.0848210620741
1.66433338688	0.120297629663	0.041756381151
1.67019371571	0.156738345348	-0.00165431392924
1.67605404453	0.192532646534	-0.044693512309
1.68191437336	0.227417431364	-0.0867168247834
1.68777470219	0.261020169052	-0.127152591772
1.69363503102	0.292814191591	-0.165493483756
1.69949535984	0.322084256114	-0.201281237385
1.70535568867	0.34790778906	-0.234086435063
1.7112160175	0.369156405139	-0.263485874432
1.71707634632	0.384520972887	-0.289040514662
1.72293667515	0.392561741384	-0.310277170741
1.72879700398	0.391782963725	-0.326677017667
1.73465733281	0.380729207916	-0.337673551907
1.74051766163	0.358098322399	-0.342661954501
1.74637799046	0.322864024058	-0.341020853518
1.75223831929	0.274399499837	-0.332146363941
1.75809864811	0.212592431661	-0.315497080665
1.76395897694	0.137941595763	-0.290647518205
1.76981930577	0.051625717784	-0.257346435135
1.77567963459	-0.0444634194834	-0.215575652371
1.78153996342	-0.147729592975	-0.165604456606
1.78740029225	-0.254925860532	-0.108034534622
1.79326062108	-0.362253785736	-0.0438306421724
1.7991209499	-0.465505423567	0.0256671290944
1.80498127873	-0.560242252635	0.0987525966695
1.81084160756	-0.64200246412	0.173386027325
1.81670193638	-0.706525738237	0.247250220483
1.82256226521	-0.749983018874	0.317828750404
1.82842259404	-0.769197952408	0.382503373051
1.83428292286	-0.761846652031	0.438666136577
1.84014325169	-0.726623294405	0.483840520866
1.84600358052	-0.66336070751	0.51580506349
1.85186390935	-0.573097471878	0.53271247386
1.85772423817	-0.458085989896	0.53319723103
1.863584567	-0.32173929822	0.516465107976
1.86944489583	-0.168517896212	0.482358938485
1.87530522465	-0.00376131368007	0.431396184641
1.88116555348	0.166527680239	0.364775391359
1.88702588231	0.335935623742	0.284350329288
1.89288621114	0.497915007194	0.192572417876
1.89874653996	0.646071073118	0.0924037733546
1.90460686879	0.774444373878	-0.0127951661681
1.91046719762	0.877775068163	-0.119398119387
1.91632752644	0.951736092785	-0.223659175805
1.92218785527	0.993124173805	-0.321865698702
1.9280481841	1.0	-0.4104905932
1.93390851292	0.971771610214	-0.486336741586
1.93976884175	0.909217975361	-0.546666916166
1.94562917058	0.814452721082	-0.58931332702
1.95148949941	0.69083078714	-0.612762087244
1.95734982823	0.542803421371	-0.616209207899
1.96321015706	0.37572914734	-0.599586187704
1.96907048589	0.195650136113	-0.563554755141
1.97493081471	0.00904468713079	-0.509471772592
1.98079114354	-0.177432760284	-0.439326650195
1.98665147237	-0.35721251955	-0.355654779159
1.99251180119	-0.524060303259	-0.261431431666
1.99837213002	-0.672307402692	-0.159951253883
2.00423245885	-0.797051551901	-0.0546988825641
2.01009278768	-0.894321346201	0.0507836578219
2.0159531165	-0.961199036628	0.153027259059
2.02181344533	-0.995898586587	0.248758594838
2.02767377416	-0.997797937734	0.335010993038
2.03353410298	-0.967426385107	0.409219507352
2.03939443181	-0.906409722767	0.469297245436
2.04525476064	-0.817377330718	0.513690943802
2.05111508947	-0.703836595189	0.541414734028
2.05697541829	-0.570020971387	0.552061976529
2.06283574712	-0.420718609375	0.545795908302
2.06869607595	-0.261088778358	0.523320627267
2.07455640477	-0.0964733559858	0.485834592975
2.0804167336	0.067789585622	0.434969344079
2.08627706243	0.226543546143	0.372716507284
2.09213739125	0.374976865147	0.301346397868
2.09799772008	0.508766528098	0.223321592307
2.10385804891	0.624198575615	0.141208798579
2.10971837774	0.71826230117	0.0575921736535
2.11557870656	0.788716574698	-0.0250090417961
2.12143903539	0.834127755297	-0.104216064057
2.12729936422	0.853879701788	-0.177857199334
2.13315969304	0.848157312628	-0.244023950131
2.13902002187	0.81790579938	-0.301115459163
2.1448803507	0.764768509195	-0.347870636913
2.15074067953	0.691006564808	-0.383387782533
2.15660100835	0.599403898329	-0.407131937827
2.16246133718	0.49316143474	-0.418930598671
2.16832166601	0.375784248508	-0.418958738128
2.17418199483	0.250965483209	-0.407714364792
2.18004232366	0.122470695074	-0.385986045134
2.18590265249	-0.00597394179949	-0.354813959142
2.19176298131	-0.130786447047	-0.315446135809
2.19762331014	-0.248624145262	-0.269291532508
2.20348363897	-0.35646683961	-0.217871584932
2.2093439678	-0.451686345007	-0.162771768411
2.21520429662	-0.532101238231	-0.105594584288
2.22106462545	-0.596016235833	-0.0479152244816
2.22692495428	-0.642246126785	0.00875901818025
2.2327852831	-0.670124641144	0.0630247285781
2.23864561193	-0.679499015167	0.113613082314
2.24450594076	-0.670711315175	0.159414850068
2.25036626958	-0.644567815348	0.19949945541
2.25622659841	-0.602297902498	0.233128040912
2.26208692724	-0.545504118737	0.259760672506
2.26794725607	-0.476105061495	0.279057965546
2.27380758489	-0.396272942994	0.290877545104
2.27966791372	-0.308367663647	0.295265855782
2.28552824255	-0.214869265773	0.29244591229
2.29138857137	-0.11831059411	0.282801631358
2.2972489002	-0.0212118896431	0.266859409658
2.30310922903	0.0739811172441	0.24526761338
2.30896955786	0.164954260574	0.218774625851
2.31482988668	0.24957603249	0.188206063749
2.32069021551	0.32594186838	0.15444172396
2.32655054434	0.392411022725	0.118392766452
2.33241087316	0.447635654496	0.0809795778928
2.33827120199	0.490581923632	0.0431107002564
2.34413153082	0.520543047728	0.00566315184475
2.34999185964	0.537144391146	-0.0305355825267
2.35585218847	0.54034077271	-0.0647236583458
2.3617125173	0.530406297935	-0.0962188764389
2.36757284613	0.507917156977	-0.124430415621
2.37343317495	0.473727980895	-0.148868145912
2.37929350378	0.42894250796	-0.169149397372
2.38515383261	0.374879462575	-0.185003083973
2.39101416143	0.313034673318	-0.196271112438
2.39687449026	0.245040536955	-0.202907046204
2.40273481909	0.172623962249	-0.204972047158
2.40859514792	0.0975639004507	-0.202628184026
2.41445547674	0.0216494969836	-0.196129275736
2.42031580557	-0.053360204022	-0.185809528394
2.4261761344	-0.125774187328	-0.172070321187
2.43203646322	-0.194004327791	-0.15536559299
2.43789679205	-0.256596595568	-0.136186369532
2.44375712088	-0.31225811748	-0.115045041306
2.4496174497	-0.359879708035	-0.0924600454021
2.45547777853	-0.398553594103	-0.0689416112271
2.46133810736	-0.427586184512	-0.0449791935239
2.46719843619	-0.446505881122	-0.0210311323625
2.47305876501	-0.455066083808	0.0024830513263
2.47891909384	-0.453243692282	0.0251874896493
2.48477942267	-0.441233531553	0.0467519022327
2.49063975149	-0.419439203914	0.0668908264536
2.49650008032	-0.388460883508	0.0853605616236
2.50236040915	-0.349080515864	0.101954445937
2.50822073797	-0.302244774052	0.116497241075
2.5140810668	-0.249045978189	0.128839490487
2.51994139563	-0.190701037892	0.13885272733
2.52580172446	-0.128528362617	0.146426327177
2.53166205328	-0.063922633071	0.151466627681
2.53752238211	0.00167264223175	0.153898681139
2.54338271094	0.0667947425221	0.153670684832
2.54924303976	0.129993283189	0.150760776205
2.55510336859	0.189863206727	0.14518552063
2.56096369742	0.24507845163	0.137009098259
2.56682402625	0.294425271852	0.126351953535
2.57268435507	0.336833960436	0.113397542473
2.5785446839	0.37140758292	0.0983958267521
2.58440501273	0.397446268943	0.0816623355066
2.59026534155	0.414465657647	0.0635719453219
2.59612567038	0.422208251406	0.0445469988557
2.60198599921	0.420646705748	0.0250399578622
2.60784632803	0.409978468457	0.00551141664421
2.61370665686	0.390611667714	-0.0135950751238
2.61956698569	0.363142718043	-0.0318793841841
2.62542731452	0.328326730635	-0.0490099608139
2.63128764334	0.287042434083	-0.0647452025122
2.63714797217	0.240253871657	-0.0789484644823
2.643008301	0.188971572769	-0.0915944876478
2.64886862982	0.1342161295	-0.102765603818
2.65472895865	0.0769870848479	-0.11263690333
2.66058928748	0.0182397204307	-0.121450553898
2.66644961631	-0.0411282882527	-0.129480557372
2.67230994513	-0.100279269951	-0.136990323311
2.67817027396	-0.158427020128	-0.144186415814
2.68403060279	-0.214818529476	-0.151172586077
2.68989093161	-0.268708350756	-0.157908643797
2.69575126044	-0.319328999251	-0.164178775106
2.70161158927	-0.36586153923	-0.169573544349
2.70747191809	-0.407410904597	-0.173489020716
2.71333224692	-0.442990474701	-0.175145287476
2.71919257575	-0.471519954175	-0.173625099302
2.72505290458	-0.491839707728	-0.167931763375
2.7309132334	-0.502743434382	-0.157063568906
2.73677356223	-0.503029520299	-0.140100427241
2.74263389106	-0.491569699684	-0.116296960813
2.74849421988	-0.467391910036	-0.0851752306894
2.75435454871	-0.42977259056	-0.0466097299152
2.76021487754	-0.378332279274	-0.000897266975059
2.76607520636	-0.313127344575	0.0511950502914
2.77193553519	-0.234730151056	0.10840936445
2.77779586402	-0.144289988692	0.169008128146
2.78365619285	-0.0435677320797	0.230818600293
2.78951652167	0.065061561219	0.291310409336
2.7953768505	0.17864211225	0.347703440291
2.80123717933	0.293708706213	0.397101028669
2.80709750815	0.406395040731	0.436641444331
2.81295783698	0.512575746821	0.463659076126
2.81881816581	0.608036164815	0.475845706954
2.82467849464	0.68866173338	0.471401881126
2.83053882346	0.750637109694	0.449168646905
2.83639915229	0.790644023936	0.408730893293
2.84225948112	0.806046470298	0.350485030295
2.84811980994	0.795052180718	0.275665782936
2.85398013877	0.756840389361	0.186329244548
2.8598404676	0.691647597548	0.0852919049716
2.86570079642	0.600805271295	-0.02397203567
2.87156112525	0.486725999598	-0.137470305209
2.87742145408	0.352837447794	-0.250862233206
2.88328178291	0.203466288612	-0.359649818272
2.88914211173	0.0436770196962	-0.459380348666
2.89500244056	-0.120926972289	-0.545850126506
2.90086276939	-0.284430699988	-0.615298847227
2.90672309821	-0.440852297246	-0.664584780413
2.91258342704	-0.584393344809	-0.691332032101
2.91844375587	-0.709682715772	-0.694042757553
2.92430408469	-0.812002269705	-0.672169128812
2.93016441352	-0.887483773042	-0.626142019376
2.93602474235	-0.933268034865	-0.55735561818
2.94188507118	-0.947619311258	-0.468109397681
2.9477454	-0.92999040939	-0.361510916786
2.95360572883	-0.881036459182	-0.241344734946
2.95946605766	-0.802577858377	-0.111914166716
2.96532638648	-0.697515289589	0.0221363416188
2.97118671531	-0.569701831942	0.156009812193
2.97704704414	-0.42377895157	0.28494773097
2.98290737297	-0.264984493957	0.404415098116
2.98876770179	-0.0989416876296	0.510271817431
2.99462803062	0.0685613997451	0.598923660931
3.00048835945	0.231792517478	0.667447256094
3.00634868827	0.385286975785	0.713684938331
3.0122090171	0.524042227224	0.736306810764
3.01806934593	0.64368812263	0.734838879666
3.02392967475	0.740627021202	0.709657614202
3.02979000358	0.812139466707	0.661952649193
3.03565033241	0.856452789233	0.593660555707
3.04151066124	0.872771673843	0.507373605458
3.04737099006	0.861271369721	0.406228222975
3.05323131889	0.82305571555	0.293778339861
3.05909164772	0.760083458291	0.173859135909
3.06495197654	0.675067389972	0.0504466818028
3.07081230537	0.571351589092	-0.0724811932979
3.0766726342	0.452772521698	-0.191077871974
3.08253296303	0.323509945786	-0.301750367143
3.08839329185	0.187933501301	-0.401267473289
3.09425362068	0.0504505959084	-0.486850696353
3.10011394951	-0.084639244716	-0.556245820613
3.10597427833	-0.213278966551	-0.607773798185
3.11183460716	-0.331773595333	-0.640360456367
3.11769493599	-0.436891692255	-0.653545281403
3.12355526481	-0.525946293451	-0.647470230416
3.12941559364	-0.596853812778	-0.622850127503
3.13527592247	-0.648170243157	-0.580926701598
3.1411362513	-0.679104830568	-0.523408714456
3.14699658012	-0.68951218245	-0.452400903433
3.15285690895	-0.679864472772	-0.370324626779
3.15871723778	-0.651205986995	-0.279833154002
3.1645775666	-0.605092687979	-0.183724498949
3.17043789543	-0.543519768102	-0.0848545596388
3.17629822426	-0.46884028769	0.0139468805199
3.18215855308	-0.383678002756	0.109955006484
3.18801888191	-0.290837382249	0.200621714789
3.19387921074	-0.19321363581	0.28363863135
3.19973953957	-0.0937053432886	0.356990158323
3.20559986839	0.00486798466539	0.418995679533
3.21146019722	0.0998413711406	0.468340422973
3.21732052605	0.188771127328	0.504094831513
3.22318085487	0.269491496784	0.525722620454
3.2290411837	0.340160154951	0.533077995712
3.23490151253	0.399291922028	0.526392763774
3.24076184136	0.445780456609	0.506254280286
3.24662217018	0.478908104134	0.473575355994
3.25248249901	0.498344453386	0.429557366363
3.25834282784	0.504134480697	0.375647895195
3.26420315666	0.496677415042	0.313494285355
3.27006348549	0.476697627346	0.244894474373
3.27592381432	0.445208935676	0.171746463273
3.28178414314	0.403473737152	0.0959977080046
3.28764447197	0.352958347554	0.0195956390044
3.2935048008	0.295285872629	-0.0555595894735
3.29936512963	0.232187869362	-0.127659138142
3.30522545845	0.165455991087	-0.19502545825
3.31108578728	0.0968947477927	-0.256147490969
3.31694611611	0.028276444527	-0.30971052013
3.32280644493	-0.0387007256306	-0.354620251697
3.32866677376	-0.102450573094	-0.390020836087
3.33452710259	-0.161532076645	-0.415306689155
3.34038743142	-0.214677290706	-0.430128102857
3.34624776024	-0.260813661657	-0.434390766023
3.35210808907	-0.299080615385	-0.428249438508
3.3579684179	-0.328840450897	-0.412096137317
3.36382874672	-0.349683707834	-0.386543300308
3.36968907555	-0.361429261474	-0.352402490588
3.37554940438	-0.364119440817	-0.310659291269
3.3814097332	-0.358010477578	-0.262445113753
3.38727006203	-0.343558597044	-0.209006700724
3.39313039086	-0.321402077231	-0.151674144616
3.39899071969	-0.292339646963	-0.0918282603907
3.40485104851	-0.257305672928	-0.0308681452784
3.41071137734	-0.217342695241	0.0298202746402
3.41657170617	-0.173571994781	0.0888939714592
3.42243203499	-0.127162991607	0.145080164012
3.42829236382	-0.0793023593417	0.197200748128
3.43415269265	-0.0311637779153	0.244193401208
3.44001302147	0.0161207718824	0.285129099919
3.4458733503	0.0614873420741	0.319225941194
3.45173367913	0.103963266364	0.345859303648
3.45759400796	0.142686755769	0.364568518373
3.46345433678	0.176922428845	0.375060324867
3.46931466561	0.206072520653	0.377209460499
3.47517499444	0.229683666011	0.371056763903
3.48103532326	0.247449300393	0.356805160837
3.48689565209	0.259207870772	0.334813846102
3.49275598092	0.264937202541	0.305590882782
3.49861630975	0.264745525582	0.269784320555
3.50447663857	0.258859812615	0.228171802775
3.5103369674	0.247612207644	0.181648505377
3.51619729623	0.231425398115	0.13121314913
3.52205762505	0.210797787883	0.0779517698448
3.52791795388	0.186289243283	0.023018935719
3.53377828271	0.158508008427	-0.0323838209596
3.53963861153	0.128099132204	-0.0870324344131
3.54549894036	0.0957344485131	-0.139707444953
3.55135926919	0.0621038457519	-0.1892234045
3.55721959802	0.0279072991836	-0.23445977941
3.56307992684	-0.00615303537128	-0.274392252776
3.56894025567	-0.039381424115	-0.308123033688
3.5748005845	-0.071098534639	-0.334908561248
3.58066091332	-0.100653268769	-0.354182884744
3.58652124215	-0.127436620151	-0.365575039843
3.59238157098	-0.150897359778	-0.368918944056
3.59824189981	-0.170558968011	-0.364254707886
3.60410222863	-0.186036876603	-0.35182078795
3.60996255746	-0.197054799335	-0.33203706308
3.61582288629	-0.203458746823	-0.305479644459
3.62168321511	-0.205227261295	-0.27284897222
3.62754354394	-0.202476482731	-0.234933430329
3.63340387277	-0.195458872399	-0.192571253349
3.63926420159	-0.184554769554	-0.14661383236
3.64512453042	-0.17025642979	-0.0978935961482
3.65098485925	-0.153144767152	-0.0471994117007
3.65684518808	-0.133859662461	0.00473809384682
3.6627055169	-0.113065359467	0.0572497178234
3.66856584573	-0.0914130877542	0.109718866464
3.67442617456	-0.0695035570482	0.16156145078
3.68028650338	-0.0478522904635	0.212196471418
3.68614683221	-0.0268608414862	0.26101046362
3.69200716104	-0.00679672772801	0.30731997063
3.69786748986	0.0122156003259	0.350336899224
3.70372781869	0.0301912337863	0.38914188932
3.70958814752	0.0472682213086	0.422670637157
3.71544847635	0.0636785787014	0.449717424498
3.72130880517	0.0797087208723	0.468958945946
3.727169134	0.0956522248011	0.47899996007
3.73302946283	0.111758703872	0.478440427108
3.73888979165	0.128183146003	0.465961780971
3.74475012048	0.144940280051	0.440427983474
3.75061044931	0.161868362107	0.400995200497
3.75647077814	0.178606226329	0.34722249293
3.76233110696	0.19458656643	0.279174977232
3.76819143579	0.209047270972	0.197510592684
3.77405176462	0.22106131283	0.103541979039
3.77991209344	0.229584285077	-0.000733970971558
3.78577242227	0.233517280879	-0.112644612117
3.7916327511	0.231781532047	-0.22889157487
3.79749307992	0.223400143267	-0.345643146392
3.80335340875	0.207581471298	-0.458666967892
3.80921373758	0.183798270862	-0.563498144892
3.81507406641	0.151856711031	-0.65563520588
3.82093439523	0.111949779937	-0.730754089686
3.82679472406	0.0646904307939	-0.784928665442
3.83265505289	0.0111210317605	-0.8148453232
3.83851538171	-0.0473028160475	-0.817998999272
3.84437571054	-0.108754345366	-0.79285864264
3.85023603937	-0.171102094625	-0.738991553521
3.85609636819	-0.231997658579	-0.657138143748
3.86195669702	-0.288980158757	-0.549231344502
3.86781702585	-0.33959176085	-0.418357946805
3.87367735468	-0.38149784354	-0.268662406802
3.8795376835	-0.412605127466	-0.105196874745
3.88539801233	-0.431171202585	0.0662757873923
3.89125834116	-0.435899414291	0.239516631857
3.89711866998	-0.426013927009	0.408071478557
3.90297899881	-0.401310908104	0.565545198366
3.90883932764	-0.362183088021	0.705875980398
3.91469965647	-0.30961637723	0.823596241458
3.92055998529	-0.245158681794	0.91406766479
3.92642031412	-0.17086248531	0.973679338934
3.93228064295	-0.0892040867398	1.0
3.93814097177	-0.00298353571027	0.991877828769
3.9440013006	0.0847897710467	0.949483966772
3.94986162943	0.171020227545	0.874298734566
3.95572195825	0.252651963067	0.769042304883
3.96158228708	0.326791677372	0.637554158839
3.96744261591	0.390822789406	0.484627909618
3.97330294474	0.442505955723	0.315809914937
3.97916327356	0.480061886907	0.137171445974
3.98502360239	0.502233429073	-0.0449350040091
3.99088393122	0.508325002815	-0.224124412821
3.99674426004	0.498218626044	-0.394222311414
4.00260458887	0.472366822968	-0.549492363876
4.0084649177	0.431763688704	-0.684839686789
4.01432524653	0.377896205961	-0.795982611159
4.02018557535	0.312678582021	-0.879587290276
4.02604590418	0.238372887754	-0.933361399794
4.03190623301	0.157499638848	-0.956105067774
4.03776656183	0.0727421666917	-0.947719023376
4.04362689066	-0.0131513154827	-0.909171683968
4.04948721949	-0.0974641365991	-0.842428444515
4.05534754831	-0.177602506423	-0.750347737494
4.06120787714	-0.251178574959	-0.636549459026
4.06706820597	-0.316082527077	-0.505262085791
4.0729285348	-0.370541635627	-0.361155231126
4.07878886362	-0.41316486746	-0.209164514924
4.08464919245	-0.442972325164	-0.0543154700931
4.09050952128	-0.459409466645	0.0984471919696
4.0963698501	-0.462346634497	0.244419245966
4.10223017893	-0.452064918775	0.379280616687
4.10809050776	-0.429229757325	0.499219015612
4.11395083658	-0.394853949435	0.601030505014
4.11981116541	-0.35025193553	0.68219495993
4.12567149424	-0.296987298125	0.740925406465
4.13153182307	-0.236815486807	0.776191179336
4.13739215189	-0.171623776012	0.787715731178
4.14325248072	-0.103370433022	0.775950715879
4.14911280955	-0.0340250008377	0.742028639269
4.15497313837	0.0344885228631	0.68769691023
4.1608334672	0.100344012068	0.615236526882
4.16669379603	0.161859689737	0.527368894936
4.17255412486	0.217537700296	0.427154402139
4.17841445368	0.266096056211	0.317886372134
4.18427478251	0.306492581902	0.20298390461
4.19013511134	0.337940802837	0.0858868906444
4.19599544016	0.359918006244	-0.0300438109163
4.20185576899	0.372165915451	-0.141618420856
4.20771609782	0.374684567886	-0.245900315907
4.21357642664	0.367720075373	-0.340276391373
4.21943675547	0.351746992157	-0.422514434885
4.2252970843	0.327446042245	-0.490806703072
4.23115741313	0.295677981825	-0.543799345714
4.23701774195	0.257454404913	-0.580607748329
4.24287807078	0.213906340915	-0.600818254222
4.24873839961	0.166251530799	-0.604477072681
4.25459872843	0.11576128794	-0.592067475167
4.26045905726	0.0637278334202	-0.564476622042
4.26631938609	0.0114329330004	-0.522953546271
4.27217971492	-0.0398814468904	-0.469059947473
4.27804004374	-0.0890398932361	-0.404615520897
4.28390037257	-0.134957302874	-0.331639564442
4.2897607014	-0.1766593894	-0.252290577073
4.29562103022	-0.213299815133	-0.168805489305
4.30148135905	-0.244173906039	-0.0834400573397
4.30734168788	-0.268728945608	0.00158818641318
4.3132020167	-0.286571046666	0.084153195112
4.31906234553	-0.297468587252	0.162268827472
4.32492267436	-0.301352190557	0.234131558341
4.33078300319	-0.298311248963	0.298156802145
4.33664333201	-0.28858704914	0.353008359669
4.34250366084	-0.272562647845	0.397620680945
4.34836398967	-0.250749764142	0.431213810028
4.35422431849	-0.223773073475	0.45330103878
4.36008464732	-0.192352390727	0.463689444826
4.36594497615	-0.157283296136	0.462473622842
4.37180530497	-0.119416781976	0.450023038094
4.3776656338	-0.0796384823266	0.426963537101
4.38352596263	-0.0388480057025	0.394153643077
4.38938629146	0.00206116204888	0.35265634415
4.39524662028	0.0422207630451	0.303707150734
4.40110694911	0.0808054894771	0.248679254935
4.40696727794	0.117048946257	0.189046668754
4.41282760676	0.150257489049	0.126346247777
4.41868793559	0.17982159751	0.0621395208633
4.42454826442	0.205224501335	-0.00202475869012
4.43040859325	0.226047880331	-0.0646464516619
4.43626892207	0.24197461134	-0.124307423172
4.4421292509	0.252788722251	-0.17970172361
4.44798957973	0.258372912066	-0.229661902312
4.45384990855	0.258704173318	-0.27318092406
4.45971023738	0.253848175731	-0.309429307675
4.46557056621	0.243953111674	-0.337767270503
4.47143089503	0.229243651846	-0.357751834639
4.47729122386	0.210015517403	-0.369139020797
4.48315155269	0.186630962163	-0.371881413511
4.48901188152	0.159515206712	-0.366121516668
4.49487221034	0.129153611516	-0.352181421868
4.50073253917	0.0960891528997	-0.330549376967
4.506592868	0.060919600422	-0.301863864135
4.51245319682	0.0242937029707	-0.266895775923
4.51831352565	-0.0130943210196	-0.22652921815
4.52417385448	-0.0505126289158	-0.181741378221
4.53003418331	-0.0872024395849	-0.133581788929
4.53589451213	-0.122391866914	-0.0831512056583
4.54175484096	-0.155312955767	-0.031580215396
4.54761516979	-0.185221673753	0.0199923751486
4.55347549861	-0.211420273027	0.0704413546022
4.55933582744	-0.233281077435	0.118677086542
4.56519615627	-0.250270400529	0.163667541007
4.57105648509	-0.261971000034	0.204460142489
4.57691681392	-0.268101273711	0.240203039568
4.58277714275	-0.26852935146	0.270165224325
4.58863747158	-0.263280382536	0.293754759484
4.5944978004	-0.252535679652	0.310534235527
4.60035812923	-0.236622960833	0.320232506119
4.60621845806	-0.215997689666	0.322751762012
4.61207878688	-0.191216387314	0.318169117794
4.61793911571	-0.162903682296	0.306732109167
4.62379944454	-0.131715669484	0.288847825085
4.62965977336	-0.0983027621176	0.265065810596
4.63552010219	-0.0632755500613	0.236055341211
4.64138043102	-0.0271771627985	0.202578146779
4.64724075985	0.00953474715404	0.165458103794
4.65310108867	0.0464940199943	0.125549769766
4.6589614175	0.0834186577349	0.0837078548387
4.66482174633	0.120090051045	0.0407597765295
4.67068207515	0.156320028504	-0.00251670055726
4.67654240398	0.191908345726	-0.0454090828221
4.68240273281	0.226594456648	-0.0872778972055
4.68826306164	0.26000839069	-0.127556128047
4.69412339046	0.291626194284	-0.165740677262
4.69998371929	0.320735599226	-0.201376993673
4.70584404812	0.346417295008	-0.234038780057
4.71170437694	0.36754638281	-0.263305323533
4.71756470577	0.382817290279	-0.288739434306
4.7234250346	0.390793689597	-0.309869161113
4.72928536342	0.389982894837	-0.326176341704
4.73514569225	0.378931971014	-0.337094631467
4.74100602108	0.356340553631	-0.342018949582
4.74686634991	0.321183359985	-0.340327334903
4.75272667873	0.272833775975	-0.331415083649
4.75858700756	0.211178903884	-0.314739838559
4.76444733639	0.136716189863	-0.289875117427
4.77030766521	0.0506222834309	-0.256568714193
4.77616799404	-0.0452138898089	-0.21480157811
4.78202832287	-0.148199815663	-0.164842260227
4.78788865169	-0.255093195499	-0.107291872466
4.79374898052	-0.362101229969	-0.0431147638444
4.79960930935	-0.465022600424	0.0263492206677
4.80546963818	-0.559426303893	0.0993940061692
4.811329967	-0.640858740683	0.173979859177
4.81719029583	-0.705068197495	0.247789509926
4.82305062466	-0.748234269783	0.318306439029
4.82891095348	-0.767188935413	0.382912332412
4.83477128231	-0.759615988003	0.438999241632
4.84063161114	-0.724216372965	0.484090772974
4.84649193997	-0.660828601499	0.515965760379
4.85235226879	-0.570495758482	0.532777421267
4.85821259762	-0.455473533663	0.533160987866
4.86407292645	-0.319177016165	0.516323254117
4.86993325527	-0.16606749243	0.482108352073
4.8757935841	-0.00148395136559	0.431035314472
4.88165391293	0.168572800666	0.364304509751
4.88751424175	0.337692790146	0.283771751798
4.89337457058	0.499333598188	0.191890678178
4.89923489941	0.64710717029	0.0916257441044
4.90509522824	0.77506228445	-0.0136602129587
4.91095555706	0.87794864522	-0.120338516584
4.91681588589	0.951449750459	-0.224660932206
4.92267621472	0.99237352714	-0.322912637805
4.92853654354	0.99879210561	-0.411564559664
4.93439687237	0.97012483226	-0.487417874472
4.9402572012	0.907161539083	-0.547733986928
4.94611753003	0.812026033872	-0.590344138504
4.95197785885	0.688082601309	-0.613733927692
4.95783818768	0.539790886937	-0.61709935118
4.96369851651	0.372516766776	-0.600372428157
4.96955884533	0.192308598467	-0.564215962907
4.97541917416	0.00564953828661	-0.509988453586
4.98127950299	-0.180802653674	-0.439681494231
4.98713983181	-0.360476731659	-0.355833180192
4.99300016064	-0.5271388154	-0.261421965519
4.99886048947	-0.675122708042	-0.159746100771
5.0047208183	-0.799530794256	-0.0542941837093
5.01058114712	-0.896398369099	0.051387518466
5.01644147595	-0.962816224466	0.153825455864
5.02230180478	-0.997008408221	0.249741751604
5.0281621336	-0.998364147566	0.336165171097
5.03402246243	-0.967424884527	0.410526297118
5.03988279126	-0.905829122811	0.470733966802
5.04574312008	-0.816219274868	0.515230958762
5.05160344891	-0.702115895312	0.54302787192
5.05746377774	-0.5677655831	0.55371506844
5.06332410657	-0.417969435272	0.547453422951
5.06918443539	-0.257899251467	0.524945396553
5.07504476422	-0.092908734264	0.487388611926
5.08090509305	0.0716532816664	0.436414627488
5.08676542187	0.230620994846	0.374015983987
5.0926257507	0.37917530168	0.302464823187
5.09848607953	0.512987944711	0.2242264593
5.10434640836	0.628342164213	0.141871228861
5.11020673718	0.722227011282	0.0579877683562
5.11606706601	0.792403658068	-0.0248994111217
5.12192739484	0.837443191454	-0.104405545938
5.12778772366	0.856736439109	-0.178352356822
5.13364805249	0.85047730439	-0.244824282385
5.13950838132	0.819621850132	-0.302213072866
5.14536871014	0.765825962888	-0.349250088183
5.15122903897	0.691364857873	-0.385026106204
5.1570893678	0.599037971244	-0.408998875739
5.16294969663	0.492062954389	-0.420989032279
5.16881002545	0.373962554321	-0.421165324079
5.17467035428	0.248448146239	-0.410020365703
5.18053068311	0.119303579929	-0.38833834212
5.18639101193	-0.00972719451979	-0.357156227836
5.19225134076	-0.135045550985	-0.317720163564
5.19811166959	-0.253293885397	-0.271438650784
5.20397199842	-0.361439296065	-0.219834187105
5.20983232724	-0.456843506743	-0.16449487908
5.21569265607	-0.537317878555	-0.107027441513
5.2215529849	-0.601162936132	-0.0490128316301
5.22741331372	-0.647192367822	0.00803441862761
5.23327364255	-0.674741920077	0.0627023098802
5.23913397138	-0.6836639771	0.113712268455
5.2449943002	-0.67430889924	0.15994438043
5.25085462903	-0.647494402024	0.200456723776
5.25671495786	-0.604464413948	0.234498745729
5.26257528669	-0.54683897736	0.261518805421
5.26843561551	-0.476556867896	0.281166153962
5.27429594434	-0.395812707469	0.293287752707
5.28015627317	-0.306990425241	0.297920433406
5.28601660199	-0.212594962947	0.295278980457
5.29187693082	-0.115184105759	0.285740765391
5.29773725965	-0.0173022328085	0.269827588256
5.30359758847	0.078582381412	0.248185381644
5.3094579173	0.170135312271	0.221562413894
5.31531824613	0.255207646394	0.190786592392
5.32117857496	0.331880713957	0.1567424203
5.32703890378	0.398503314345	0.120348105201
5.33289923261	0.453721084767	0.0825332605507
5.33875956144	0.496497837398	0.044217584513
5.34461989026	0.526128819853	0.00629084876313
5.35048021909	0.542245953079	-0.0304055157167
5.35634054792	0.544815193554	-0.0650949871406
5.36220087675	0.534126275488	-0.0970804584513
5.36806120557	0.5107752277	-0.125756488571
5.3739215344	0.475640230044	-0.150619130894
5.37978186323	0.429851563008	-0.171273193207
5.38564219205	0.37475658809	-0.187436809115
5.39150252088	0.311880848348	-0.198943233597
5.39736284971	0.242886474404	-0.205739817678
5.40322317853	0.16952910751	-0.207884171943
5.40908350736	0.0936145083613	-0.205537597094
5.41494383619	0.0169559217303	-0.19895594183
5.42080416502	-0.0586668644407	-0.188478142058
5.42666449384	-0.13154596618	-0.17451279646
5.43252482267	-0.200080684505	-0.157523235359
5.4383851515	-0.262809052897	-0.138011634155
5.44424548032	-0.318435169316	-0.116502799432
5.45010580915	-0.365851909858	-0.0935283047394
5.45596613798	-0.404158711526	-0.0696116643491
5.4618264668	-0.432674228521	-0.0452551991604
5.46768679563	-0.450943816288	-0.0209291650117
5.47354712446	-0.458741973195	0.00293642006857
5.47940745329	-0.456070051172	0.025956991444
5.48526778211	-0.443149705039	0.0477956503619
5.49112811094	-0.420412655463	0.0681625581428
5.49698843977	-0.388487369763	0.0868119263941
5.50284876859	-0.348183210062	0.103537224006
5.50870909742	-0.300472469886	0.118165382743
5.51456942625	-0.246470546318	0.130550878622
5.52042975508	-0.187414315162	0.140570580067
5.5262900839	-0.124638635033	0.148120176644
5.53215041273	-0.0595508397876	0.153112832964
5.53801074156	0.00639688989857	0.155480459498
5.54387107038	0.0717372524267	0.155177673737
5.54973139921	0.135019407593	0.152188168517
5.55559172804	0.19484190274	0.146532844117
5.56145205686	0.249886144337	0.138278735876
5.56731238569	0.298949356104	0.127547519822
5.57317271452	0.340975763115	0.114522241669
5.57903304335	0.375084621378	0.0994509185603
5.58489337217	0.400593686908	0.0826458246527
5.590753701	0.417036791531	0.0644775924321
5.59661402983	0.42417436443	0.0453637250318
5.60247435865	0.421996007222	0.025751686501
5.60833468748	0.410714593925	0.00609736650757
5.61419501631	0.390751821111	-0.0131596594468
5.62005534514	0.36271566627	-0.0316221029185
5.62591567396	0.327370800401	-0.0489597900536
5.63177600279	0.285603603823	-0.0649307621226
5.63763633162	0.238383994738	-0.0793961132023
5.64349666044	0.186726727213	-0.0923263467845
5.64935698927	0.131655073359	-0.103797618906
5.6552173181	0.0741698059624	-0.113977057205
5.66107764692	0.015226096958	-0.123097343428
5.66693797575	-0.0442796678303	-0.131421838135
5.67279830458	-0.103512056615	-0.139202610757
5.67865863341	-0.161687753033	-0.146634707825
5.68451896223	-0.218056939019	-0.15381074165
5.69037929106	-0.271877320127	-0.160680318318
5.69623961989	-0.322384247994	-0.167018877912
5.70209994871	-0.368761146441	-0.172410152836
5.70796027754	-0.41011482285	-0.176245660409
5.71382060637	-0.445460188187	-0.177743471388
5.71968093519	-0.473718403797	-0.175987013132
5.72554126402	-0.493731548971	-0.169982984374
5.73140159285	-0.504295624664	-0.158735713358
5.73726192168	-0.504212168423	-0.141333631473
5.7431222505	-0.492357066282	-0.11704211102
5.74898257933	-0.467763433833	-0.0853958661733
5.75484290816	-0.429713831524	-0.0462835525091
5.76070323698	-0.377835708389	-1.71978162181e-05
5.76656356581	-0.312192957119	0.0526203148048
5.77242389464	-0.233365920431	0.110355330661
5.77828422347	-0.142512198437	0.171435029741
5.78414455229	-0.0414012191669	0.233672456591
5.79000488112	0.0675832457706	0.294524575972
5.79586520995	0.18147665876	0.351200583416
5.80172553877	0.296805188333	0.400795431196
5.8075858676	0.409694335889	0.440441538925
5.81344619643	0.516011322712	0.467470096615
5.81930652525	0.611535288138	0.479572357553
5.82516685408	0.692147104821	0.474950938746
5.83102718291	0.754028868954	0.45245143155
5.83688751174	0.793862015484	0.411665560065
5.84274784056	0.80901262763	0.352998649512
5.84860816939	0.79769288135	0.277696179832
5.85446849822	0.759088653877	0.187826567385
5.86032882704	0.693445045547	0.0862198829948
5.86618915587	0.602103792229	-0.023635190063
5.8720494847	0.487489133807	-0.137731397067
5.87790981353	0.353041492795	-0.251713026797
5.88377014235	0.203101144663	-0.361067438217
5.88963047118	0.0427467710635	-0.461328128719
5.89549080001	-0.122403768347	-0.548278859802
5.90135112883	-0.286421063747	-0.618148360212
5.90721145766	-0.44330926811	-0.667785731626
5.91307178649	-0.587256850736	-0.694807832415
5.91893211531	-0.712880876509	-0.697711522507
5.92479244414	-0.815453102349	-0.675945603876
5.93065277297	-0.891097236884	-0.629939458175
5.9365131018	-0.936948337776	-0.561087631702
5.94237343062	-0.951267407359	-0.471691818424
5.94823375945	-0.933506644376	-0.364863726699
5.95409408828	-0.884323354038	-0.24439408572
5.9599544171	-0.805543047815	-0.11459447735
5.96581474593	-0.700074631773	0.0198802838507
5.97167507476	-0.571782670353	0.154220882243
5.97753540358	-0.425323438147	0.283654810897
5.98339573241	-0.265952787573	0.403631940694
5.98925606124	-0.0993147466408	0.509996618533
5.99511639007	0.0687797789972	0.599139478624
6.00097671889	0.232574776409	0.668123330407
6.00683704772	0.386582284835	0.714778862626
6.01269737655	0.525778563566	0.737767400884
6.01855770537	0.645775920777	0.736609498817
6.0244180342	0.742964176764	0.711679655166
6.03027836303	0.814617285723	0.664168860201
6.03613869186	0.858962344702	0.596017923659
6.04199902068	0.875209984473	0.509825573627
6.04785934951	0.863546862637	0.408736107399
6.05371967834	0.825092562738	0.296311903348
6.05958000716	0.761824556272	0.176396365518
6.06544033599	0.676475943224	0.052972882613
6.07130066482	0.572411419672	-0.0699748347787
6.07716099364	0.453487329964	-0.188596087466
6.08302132247	0.32390177698	-0.299295809396
6.0888816513	0.18804063714	-0.398842782132
6.09474198013	0.0503250133513	-0.48446051131
6.10060230895	-0.0849347899358	-0.553898642431
6.10646263778	-0.213674232941	-0.605483612422
6.11232296661	-0.332194536654	-0.638148035346
6.11818329543	-0.437264493027	-0.651439080312
6.12404362426	-0.526201637634	-0.645506795303
6.12990395309	-0.596931160425	-0.621073943281
6.13576428192	-0.648021803602	-0.579389430873
6.14162461074	-0.678698882323	-0.522167813455
6.14748493957	-0.688835417452	-0.451517646249
6.1533452684	-0.678923136024	-0.369861617395
6.15920559722	-0.65002572384	-0.279851449503
6.16506592605	-0.603717168866	-0.1842804999
6.17092625488	-0.542008298705	-0.0859968401179
6.1767865837	-0.467264700205	0.012180631748
6.18264691253	-0.382119145477	0.107540778487
6.18850724136	-0.289381481055	0.197551572289
6.19436757019	-0.191948712115	0.279922620473
6.20022789901	-0.0927177693389	0.352657652329
6.20608822784	0.00549679746097	0.414096120406
6.21194855667	0.100038195863	0.462943431707
6.21780888549	0.188474087629	0.498289671286
6.22366921432	0.268653142929	0.51961700602
6.22952954315	0.338750328802	0.526796253112
6.23538987197	0.397300207192	0.520073360053
6.2412502008	0.443217963558	0.500046764584
6.24711052963	0.475808350543	0.467636780065
6.25297085846	0.494763171249	0.424048280986
6.25883118728	0.500148300067	0.370728044614
6.26469151611	0.492381511547	0.30931814031
6.27055184494	0.472202542903	0.241606752223
6.27641217376	0.440636858855	0.169477780117
6.28227250259	0.398954543672	0.0948604939631
6.28813283142	0.34862565253	0.0196804273408
6.29399316025	0.291273251969	-0.0541874114542
6.29985348907	0.22862529829	-0.124962049079
6.3057138179	0.162466456608	-0.190995941742
6.31157414673	0.0945909463376	-0.250809551046
6.31743447555	0.0267574888204	-0.303120534864
6.32329480438	-0.0393526004604	-0.346867128633
6.32915513321	-0.102173216759	-0.381225436432
6.33501546203	-0.160286359781	-0.405620495323
6.34087579086	-0.21244952066	-0.4197311177
6.34673611969	-0.257617219757	-0.423488651864
6.35259644852	-0.294956610866	-0.41706992785
6.35845677734	-0.323857291192	-0.400884771777
6.36431710617	-0.343935614261	-0.375558576314
6.370177435	-0.355033879804	-0.341910507069
6.37603776382	-0.357214776719	-0.300928004542
6.38189809265	-0.350751408266	-0.253738308788
6.38775842148	-0.336113170854	-0.201577787886
6.3936187503	-0.31394772845	-0.145759889936
6.39947907913	-0.285059353464	-0.0876425582439
6.40533940796	-0.250384002598	-0.0285959469417
6.41119973679	-0.210961651622	0.0300287543767
6.41706006561	-0.167906596396	0.08692863609
6.42292039444	-0.122376597957	0.140875860693
6.42878072327	-0.0755418672794	0.190741383863
6.43464105209	-0.0285549218027	0.235515195431
6.44050138092	0.0174777084865	0.27432282539
6.44636170975	0.0615210816826	0.30643801961
6.45222203858	0.102634093649	0.331291643485
6.4580823674	0.139987921872	0.348477007814
6.46394269623	0.172880395472	0.357751919502
6.46980302506	0.200746173935	0.359037831969
6.47566335388	0.22316272797	0.352416501264
6.48152368271	0.239852199883	0.338124542297
6.48738401154	0.250679300782	0.316546227608
6.49324434036	0.255645501025	0.288204784875
6.49910466919	0.254879901839	0.253752338905
