Time (fs)	Ex (arb. u.)	Ey (arb. u.)
0.503988279126	0.259141470535	0.226764080743
0.509848607953	0.24765150348	0.180400014031
0.51570893678	0.231219227487	0.130154527644
0.521569265607	0.210349163738	0.0771091129562
0.527429594434	0.18560725531	0.0224130646541
0.533289923261	0.157607653127	-0.0327379540796
0.539150252088	0.127000994443	-0.0871261870711
0.545010580915	0.0944642159218	-0.139538752443
0.550870909742	0.0606916480163	-0.188796864055
0.556731238569	0.0263868830983	-0.233786544722
0.562591567396	-0.00774526212162	-0.273489740138
0.568451896223	-0.0410074282004	-0.307014447953
0.57431222505	-0.0727197083072	-0.333622256453
0.580172553877	-0.102231435088	-0.352751580215
0.586032882704	-0.12893494342	-0.364034917535
0.591893211531	-0.152281134088	-0.36730865652
0.597753540358	-0.171796281751	-0.36261432855
0.603613869186	-0.187099171732	-0.350190736325
0.609474198013	-0.197917356071	-0.330457037233
0.61533452684	-0.204101123926	-0.303987591801
0.621194855667	-0.205633710205	-0.271480127486
0.627055184494	-0.202636334363	-0.233719446793
0.632915513321	-0.195366874648	-0.19153944982
0.638775842148	-0.184211338125	-0.145786574508
0.644636170975	-0.169667769758	-0.0972878261379
0.650496499802	-0.152322829702	-0.0468263351736
0.656356828629	-0.132821918768	0.00487315968827
0.662217157456	-0.11183439691	0.0571473365961
0.668077486283	-0.0900160560253	0.109385322156
0.67393781511	-0.0679715070063	0.161008445787
0.679798143937	-0.0462194526535	0.21144069821
0.685658472764	-0.0251638833234	0.260073067971
0.691518801591	-0.00507401133549	0.30622592611
0.697379130418	0.0139247581081	0.349114313321
0.703239459245	0.0318473148833	0.387821261446
0.709099788072	0.0488322971292	0.42128408802
0.714960116899	0.0651131577274	0.448297915243
0.720820445726	0.0809786570362	0.467539504295
0.726680774553	0.0967256674182	0.477612929493
0.73254110338	0.112608045873	0.477116753949
0.738401432208	0.1287859094	0.46473035329
0.744261761035	0.145279871433	0.439315034063
0.750122089862	0.161934638795	0.400023784947
0.755982418689	0.178395833998	0.346412051722
0.761842747516	0.194103036404	0.278540988573
0.767703076343	0.20830089299	0.197064320358
0.77356340517	0.220068819812	0.103290317077
0.779423733997	0.228368395412	-0.000788557319512
0.785284062824	0.232106139632	-0.112504051603
0.791144391651	0.23020807779	-0.228562065675
0.797004720478	0.22170140764	-0.345134946909
0.802865049305	0.205797801001	-0.457994108794
0.808725378132	0.181972452876	-0.562678069085
0.814585706959	0.150032985182	-0.654688343619
0.820446035786	0.110172738311	-0.729703376982
0.826306364613	0.0630038270248	-0.783799014963
0.83216669344	0.00956654822577	-0.813663058076
0.838027022267	-0.0486867759116	-0.816791261438
0.843887351094	-0.109933765052	-0.791652788386
0.849747679921	-0.172048285327	-0.73781454955
0.855608008748	-0.232687985374	-0.656015977167
0.861468337575	-0.289398532968	-0.548188459723
0.867328666403	-0.339728908192	-0.417416721408
0.87318899523	-0.381351379718	-0.26784267711
0.879049324057	-0.412179482921	-0.104515520436
0.884909652884	-0.430477434212	0.0668051917707
0.890769981711	-0.434954926729	0.239884091908
0.896630310538	-0.42484210517	0.408270776243
0.902490639365	-0.399940643552	0.565574005173
0.908350968192	-0.360648171368	0.705735884452
0.914211297019	-0.30795473118	0.823292687009
0.920071625846	-0.243411425015	0.913609804209
0.925931954673	-0.169072842184	0.973079799438
0.9317922835	-0.0874161854003	0.99927456963
0.937652612327	-0.00124115894902	0.991045068498
0.943512941154	0.0864444069618	0.948564757877
0.949373269981	0.172547595404	0.873315772258
0.955233598808	0.254016195994	0.768019550581
0.961093927635	0.327961363123	0.636516264309
0.966954256462	0.39177159023	0.483599626506
0.972814585289	0.443213078095	0.314815503205
0.978674914116	0.480512435115	0.136234094458
0.984535242943	0.502418672016	-0.045793732022
0.99039557177	0.508242566844	-0.224885096451
0.996255900597	0.497872604129	-0.394868139279
1.00211622942	0.471767769666	-0.550009539695
1.00797655825	0.430928458716	-0.6852177625
1.01383688708	0.376847596149	-0.796214737732
1.01969721591	0.311444753112	-0.879670378077
1.02555754473	0.236986568905	-0.933296182616
1.03141787356	0.155997148706	-0.955896067315
1.03727820239	0.0711623104034	-0.947374413924
1.04313853121	-0.0147683996916	-0.908703060061
1.04899886004	-0.0990781087959	-0.84185049717
1.05485918887	-0.179173877596	-0.749677847092
1.06071951769	-0.252669649697	-0.635807215017
1.06657984652	-0.31745823265	-0.504468745078
1.07244017535	-0.371770255337	-0.360333128374
1.07830050418	-0.414218705354	-0.208336439277
1.084160833	-0.443828323846	-0.0535040239296
1.09002116183	-0.460049782048	0.0992202355133
1.09588149066	-0.462759147165	0.245133568994
1.10174181948	-0.452243638628	0.379917947683
1.10760214831	-0.429175065845	0.499763667135
1.11346247714	-0.394572624905	0.601469839902
1.11932280597	-0.349756924189	0.682519769275
1.12518313479	-0.296297223239	0.74113018489
1.13104346362	-0.2359539214	0.776274286094
1.13690379245	-0.170618334649	0.78767942921
1.14276412127	-0.102251756043	0.775801084959
1.1486244501	-0.0328257064744	0.741775363457
1.15448477893	0.035734856609	0.687352943833
1.16034510775	0.101603798313	0.614817646956
1.16620543658	0.163100206285	0.526893151936
1.17206576541	0.218727897683	0.426641483694
1.17792609424	0.2672073217	0.317356898204
1.18378642306	0.30749947565	0.20245867536
1.18964675189	0.338821764222	0.0853861112652
1.19550708072	0.360656003248	-0.0305013017068
1.20136740954	0.372748986593	-0.142015890094
1.20722773837	0.375106192778	-0.246223814029
1.2130880672	0.367979312149	-0.340515339214
1.21894839603	0.351848338992	-0.422662092822
1.22480872485	0.327399012248	-0.490860498441
1.23066905368	0.295496418164	-0.543761039331
1.23652938251	0.257155596864	-0.580483426805
1.24238971133	0.213510023294	-0.600618141481
1.24825004016	0.165778854008	-0.604215161256
1.25411036899	0.115233833465	-0.591760985198
1.25997069781	0.063166724705	-0.564145303096
1.26583102664	0.0108580622025	-0.522618844034
1.27169135547	-0.0404520807561	-0.468744063797
1.2775516843	-0.0895907525483	-0.40434040153
1.28341201312	-0.135475802163	-0.33142585383
1.28927234195	-0.177136309669	-0.252156583614
1.29513267078	-0.213729620402	-0.168766207066
1.3009929996	-0.244554919708	-0.0835062910744
1.30685332843	-0.269063333065	0.00141054739185
1.31271365726	-0.28686455528	0.0838637123767
1.31857398608	-0.297730016733	0.161872822641
1.32443431491	-0.301592601844	0.233640169011
1.33029464374	-0.298542960356	0.297586768384
1.33615497257	-0.288822504369	0.352381537105
1.34201530139	-0.272813263068	0.396963289608
1.34787563022	-0.251024864057	0.430555441302
1.35373595905	-0.224079010162	0.452673455405
1.35959628787	-0.192691907246	0.463125220231
1.3654566167	-0.157655158877	0.462004675599
1.37131694553	-0.119815670924	0.449679124616
1.37717727436	-0.0800551051752	0.426770770471
1.38303760318	-0.0392693943388	0.394133107851
1.38889793201	0.00165120647958	0.352822875896
1.39475826084	0.0418410930837	0.304068344752
1.40061858966	0.080476900647	0.249234760961
1.40647891849	0.116793320511	0.189787817508
1.41233924732	0.150096783518	0.127256041256
1.41819957614	0.179776688579	0.0631930017222
1.42405990497	0.205313924759	-0.000859761605292
1.4299202338	0.226286542782	-0.0634082236851
1.43578056263	0.242372577214	-0.123038950831
1.44164089145	0.253350192815	-0.178449026123
1.44750122028	0.259095506442	-0.228472179772
1.45336154911	0.259578592273	-0.272100605176
1.45922187793	0.254858285125	-0.308502086306
1.46508220676	0.245076432329	-0.337032221929
1.47094253559	0.230452197458	-0.357241699547
1.47680286442	0.211276891603	-0.368878737631
1.48266319324	0.187909615139	-0.371886968575
1.48852352207	0.160773760804	-0.366399166764
1.4943838509	0.130354188382	-0.352727327101
1.50024417972	0.0971946630309	-0.331349662231
1.50610450855	0.0618949793612	-0.302895107754
1.51196483738	0.0251070898241	-0.268125903668
1.5178251662	-0.0124704711073	-0.227918761486
1.52368549503	-0.050100523412	-0.183245038124
1.52954582386	-0.0870180659174	-0.135150232018
1.53540615269	-0.122444314848	-0.0847330085902
1.54126648151	-0.155604017279	-0.0331238672884
1.54712681034	-0.185745780908	0.0185365037555
1.55298713917	-0.212164804208	0.0691191638826
1.55884746799	-0.234227019271	0.11752909975
1.56470779682	-0.251393306748	0.16272752369
1.57056812565	-0.263242150361	0.203754039675
1.57642845447	-0.269488915332	0.239748264711
1.5822887833	-0.269999907604	0.26997031576
1.58814911213	-0.264799536471	0.293819402494
1.59400944096	-0.254069281329	0.310849631694
1.59986976978	-0.238137747052	0.320782057118
1.60573009861	-0.217461845616	0.323512022841
1.61159042744	-0.192599998703	0.319110964943
1.61745075626	-0.164179128883	0.307822062569
1.62331108509	-0.132857994478	0.290049459097
1.62917141392	-0.0992900248108	0.266341188713
1.63503174275	-0.0640891412257	0.237366411811
1.64089207157	-0.0278020440247	0.20388804275
1.6467524004	0.00910992118738	0.166732297179
1.65261272923	0.0462769217027	0.126757042998
1.65847305805	0.083413445554	0.0848210620741
1.66433338688	0.120297629663	0.041756381151
1.67019371571	0.156738345348	-0.00165431392924
1.67605404453	0.192532646534	-0.044693512309
1.68191437336	0.227417431364	-0.0867168247834
1.68777470219	0.261020169052	-0.127152591772
1.69363503102	0.292814191591	-0.165493483756
1.69949535984	0.322084256114	-0.201281237385
1.70535568867	0.34790778906	-0.234086435063
1.7112160175	0.369156405139	-0.263485874432
1.71707634632	0.384520972887	-0.289040514662
1.72293667515	0.392561741384	-0.310277170741
1.72879700398	0.391782963725	-0.326677017667
1.73465733281	0.380729207916	-0.337673551907
1.74051766163	0.358098322399	-0.342661954501
1.74637799046	0.322864024058	-0.341020853518
1.75223831929	0.274399499837	-0.332146363941
1.75809864811	0.212592431661	-0.315497080665
1.76395897694	0.137941595763	-0.290647518205
1.76981930577	0.051625717784	-0.257346435135
1.77567963459	-0.0444634194834	-0.215575652371
1.78153996342	-0.147729592975	-0.165604456606
1.78740029225	-0.254925860532	-0.108034534622
1.79326062108	-0.362253785736	-0.0438306421724
1.7991209499	-0.465505423567	0.0256671290944
1.80498127873	-0.560242252635	0.0987525966695
1.81084160756	-0.64200246412	0.173386027325
1.81670193638	-0.706525738237	0.247250220483
1.82256226521	-0.749983018874	0.317828750404
1.82842259404	-0.769197952408	0.382503373051
1.83428292286	-0.761846652031	0.438666136577
1.84014325169	-0.726623294405	0.483840520866
1.84600358052	-0.66336070751	0.51580506349
1.85186390935	-0.573097471878	0.53271247386
1.85772423817	-0.458085989896	0.53319723103
1.863584567	-0.32173929822	0.516465107976
1.86944489583	-0.168517896212	0.482358938485
1.87530522465	-0.00376131368007	0.431396184641
1.88116555348	0.166527680239	0.364775391359
1.88702588231	0.335935623742	0.284350329288
1.89288621114	0.497915007194	0.192572417876
1.89874653996	0.646071073118	0.0924037733546
1.90460686879	0.774444373878	-0.0127951661681
1.91046719762	0.877775068163	-0.119398119387
1.91632752644	0.951736092785	-0.223659175805
1.92218785527	0.993124173805	-0.321865698702
1.9280481841	1.0	-0.4104905932
1.93390851292	0.971771610214	-0.486336741586
1.93976884175	0.909217975361	-0.546666916166
1.94562917058	0.814452721082	-0.58931332702
1.95148949941	0.69083078714	-0.612762087244
1.95734982823	0.542803421371	-0.616209207899
1.96321015706	0.37572914734	-0.599586187704
1.96907048589	0.195650136113	-0.563554755141
1.97493081471	0.00904468713079	-0.509471772592
1.98079114354	-0.177432760284	-0.439326650195
1.98665147237	-0.35721251955	-0.355654779159
1.99251180119	-0.524060303259	-0.261431431666
1.99837213002	-0.672307402692	-0.159951253883
2.00423245885	-0.797051551901	-0.0546988825641
2.01009278768	-0.894321346201	0.0507836578219
2.0159531165	-0.961199036628	0.153027259059
2.02181344533	-0.995898586587	0.248758594838
2.02767377416	-0.997797937734	0.335010993038
2.03353410298	-0.967426385107	0.409219507352
2.03939443181	-0.906409722767	0.469297245436
2.04525476064	-0.817377330718	0.513690943802
2.05111508947	-0.703836595189	0.541414734028
2.05697541829	-0.570020971387	0.552061976529
2.06283574712	-0.420718609375	0.545795908302
2.06869607595	-0.261088778358	0.523320627267
2.07455640477	-0.0964733559858	0.485834592975
2.0804167336	0.067789585622	0.434969344079
2.08627706243	0.226543546143	0.372716507284
2.09213739125	0.374976865147	0.301346397868
2.09799772008	0.508766528098	0.223321592307
2.10385804891	0.624198575615	0.141208798579
2.10971837774	0.71826230117	0.0575921736535
2.11557870656	0.788716574698	-0.0250090417961
2.12143903539	0.834127755297	-0.104216064057
2.12729936422	0.853879701788	-0.177857199334
2.13315969304	0.848157312628	-0.244023950131
2.13902002187	0.81790579938	-0.301115459163
2.1448803507	0.764768509195	-0.347870636913
2.15074067953	0.691006564808	-0.383387782533
2.15660100835	0.599403898329	-0.407131937827
2.16246133718	0.49316143474	-0.418930598671
2.16832166601	0.375784248508	-0.418958738128
2.17418199483	0.250965483209	-0.407714364792
2.18004232366	0.122470695074	-0.385986045134
2.18590265249	-0.00597394179949	-0.354813959142
2.19176298131	-0.130786447047	-0.315446135809
2.19762331014	-0.248624145262	-0.269291532508
2.20348363897	-0.35646683961	-0.217871584932
2.2093439678	-0.451686345007	-0.162771768411
2.21520429662	-0.532101238231	-0.105594584288
2.22106462545	-0.596016235833	-0.0479152244816
2.22692495428	-0.642246126785	0.00875901818025
2.2327852831	-0.670124641144	0.0630247285781
2.23864561193	-0.679499015167	0.113613082314
2.24450594076	-0.670711315175	0.159414850068
2.25036626958	-0.644567815348	0.19949945541
2.25622659841	-0.602297902498	0.233128040912
2.26208692724	-0.545504118737	0.259760672506
2.26794725607	-0.476105061495	0.279057965546
2.27380758489	-0.396272942994	0.290877545104
2.27966791372	-0.308367663647	0.295265855782
2.28552824255	-0.214869265773	0.29244591229
2.29138857137	-0.11831059411	0.282801631358
2.2972489002	-0.0212118896431	0.266859409658
2.30310922903	0.0739811172441	0.24526761338
2.30896955786	0.164954260574	0.218774625851
2.31482988668	0.24957603249	0.188206063749
2.32069021551	0.32594186838	0.15444172396
2.32655054434	0.392411022725	0.118392766452
2.33241087316	0.447635654496	0.0809795778928
2.33827120199	0.490581923632	0.0431107002564
2.34413153082	0.520543047728	0.00566315184475
2.34999185964	0.537144391146	-0.0305355825267
2.35585218847	0.54034077271	-0.0647236583458
2.3617125173	0.530406297935	-0.0962188764389
2.36757284613	0.507917156977	-0.124430415621
2.37343317495	0.473727980895	-0.148868145912
2.37929350378	0.42894250796	-0.169149397372
2.38515383261	0.374879462575	-0.185003083973
2.39101416143	0.313034673318	-0.196271112438
2.39687449026	0.245040536955	-0.202907046204
2.40273481909	0.172623962249	-0.204972047158
2.40859514792	0.0975639004507	-0.202628184026
2.41445547674	0.0216494969836	-0.196129275736
2.42031580557	-0.053360204022	-0.185809528394
2.4261761344	-0.125774187328	-0.172070321187
2.43203646322	-0.194004327791	-0.15536559299
2.43789679205	-0.256596595568	-0.136186369532
2.44375712088	-0.31225811748	-0.115045041306
2.4496174497	-0.359879708035	-0.0924600454021
2.45547777853	-0.398553594103	-0.0689416112271
2.46133810736	-0.427586184512	-0.0449791935239
2.46719843619	-0.446505881122	-0.0210311323625
2.47305876501	-0.455066083808	0.0024830513263
2.47891909384	-0.453243692282	0.0251874896493
2.48477942267	-0.441233531553	0.0467519022327
2.49063975149	-0.419439203914	0.0668908264536
2.49650008032	-0.388460883508	0.0853605616236
2.50236040915	-0.349080515864	0.101954445937
2.50822073797	-0.302244774052	0.116497241075
2.5140810668	-0.249045978189	0.128839490487
2.51994139563	-0.190701037892	0.13885272733
2.52580172446	-0.128528362617	0.146426327177
2.53166205328	-0.063922633071	0.151466627681
2.53752238211	0.00167264223175	0.153898681139
2.54338271094	0.0667947425221	0.153670684832
2.54924303976	0.129993283189	0.150760776205
2.55510336859	0.189863206727	0.14518552063
2.56096369742	0.24507845163	0.137009098259
2.56682402625	0.294425271852	0.126351953535
2.57268435507	0.336833960436	0.113397542473
2.5785446839	0.37140758292	0.0983958267521
2.58440501273	0.397446268943	0.0816623355066
2.59026534155	0.414465657647	0.0635719453219
2.59612567038	0.422208251406	0.0445469988557
2.60198599921	0.420646705748	0.0250399578622
2.60784632803	0.409978468457	0.00551141664421
2.61370665686	0.390611667714	-0.0135950751238
2.61956698569	0.363142718043	-0.0318793841841
2.62542731452	0.328326730635	-0.0490099608139
2.63128764334	0.287042434083	-0.0647452025122
2.63714797217	0.240253871657	-0.0789484644823
2.643008301	0.188971572769	-0.0915944876478
2.64886862982	0.1342161295	-0.102765603818
2.65472895865	0.0769870848479	-0.11263690333
2.66058928748	0.0182397204307	-0.121450553898
2.66644961631	-0.0411282882527	-0.129480557372
2.67230994513	-0.100279269951	-0.136990323311
2.67817027396	-0.158427020128	-0.144186415814
2.68403060279	-0.214818529476	-0.151172586077
2.68989093161	-0.268708350756	-0.157908643797
2.69575126044	-0.319328999251	-0.164178775106
2.70161158927	-0.36586153923	-0.169573544349
2.70747191809	-0.407410904597	-0.173489020716
2.71333224692	-0.442990474701	-0.175145287476
2.71919257575	-0.471519954175	-0.173625099302
2.72505290458	-0.491839707728	-0.167931763375
2.7309132334	-0.502743434382	-0.157063568906
2.73677356223	-0.503029520299	-0.140100427241
2.74263389106	-0.491569699684	-0.116296960813
2.74849421988	-0.467391910036	-0.0851752306894
2.75435454871	-0.42977259056	-0.0466097299152
2.76021487754	-0.378332279274	-0.000897266975059
2.76607520636	-0.313127344575	0.0511950502914
2.77193553519	-0.234730151056	0.10840936445
2.77779586402	-0.144289988692	0.169008128146
2.78365619285	-0.0435677320797	0.230818600293
2.78951652167	0.065061561219	0.291310409336
2.7953768505	0.17864211225	0.347703440291
2.80123717933	0.293708706213	0.397101028669
2.80709750815	0.406395040731	0.436641444331
2.81295783698	0.512575746821	0.463659076126
2.81881816581	0.608036164815	0.475845706954
2.82467849464	0.68866173338	0.471401881126
2.83053882346	0.750637109694	0.449168646905
2.83639915229	0.790644023936	0.408730893293
2.84225948112	0.806046470298	0.350485030295
2.84811980994	0.795052180718	0.275665782936
2.85398013877	0.756840389361	0.186329244548
2.8598404676	0.691647597548	0.0852919049716
2.86570079642	0.600805271295	-0.02397203567
2.87156112525	0.486725999598	-0.137470305209
2.87742145408	0.352837447794	-0.250862233206
2.88328178291	0.203466288612	-0.359649818272
2.88914211173	0.0436770196962	-0.459380348666
2.89500244056	-0.120926972289	-0.545850126506
2.90086276939	-0.284430699988	-0.615298847227
2.90672309821	-0.440852297246	-0.664584780413
2.91258342704	-0.584393344809	-0.691332032101
2.91844375587	-0.709682715772	-0.694042757553
2.92430408469	-0.812002269705	-0.672169128812
2.93016441352	-0.887483773042	-0.626142019376
2.93602474235	-0.933268034865	-0.55735561818
2.94188507118	-0.947619311258	-0.468109397681
2.9477454	-0.92999040939	-0.361510916786
2.95360572883	-0.881036459182	-0.241344734946
2.95946605766	-0.802577858377	-0.111914166716
2.96532638648	-0.697515289589	0.0221363416188
2.97118671531	-0.569701831942	0.156009812193
2.97704704414	-0.42377895157	0.28494773097
2.98290737297	-0.264984493957	0.404415098116
2.98876770179	-0.0989416876296	0.510271817431
2.99462803062	0.0685613997451	0.598923660931
3.00048835945	0.231792517478	0.667447256094
3.00634868827	0.385286975785	0.713684938331
3.0122090171	0.524042227224	0.736306810764
3.01806934593	0.64368812263	0.734838879666
3.02392967475	0.740627021202	0.709657614202
3.02979000358	0.812139466707	0.661952649193
3.03565033241	0.856452789233	0.593660555707
3.04151066124	0.872771673843	0.507373605458
3.04737099006	0.861271369721	0.406228222975
3.05323131889	0.82305571555	0.293778339861
3.05909164772	0.760083458291	0.173859135909
3.06495197654	0.675067389972	0.0504466818028
3.07081230537	0.571351589092	-0.0724811932979
3.0766726342	0.452772521698	-0.191077871974
3.08253296303	0.323509945786	-0.301750367143
3.08839329185	0.187933501301	-0.401267473289
3.09425362068	0.0504505959084	-0.486850696353
3.10011394951	-0.084639244716	-0.556245820613
3.10597427833	-0.213278966551	-0.607773798185
3.11183460716	-0.331773595333	-0.640360456367
3.11769493599	-0.436891692255	-0.653545281403
3.12355526481	-0.525946293451	-0.647470230416
3.12941559364	-0.596853812778	-0.622850127503
3.13527592247	-0.648170243157	-0.580926701598
3.1411362513	-0.679104830568	-0.523408714456
3.14699658012	-0.68951218245	-0.452400903433
3.15285690895	-0.679864472772	-0.370324626779
3.15871723778	-0.651205986995	-0.279833154002
3.1645775666	-0.605092687979	-0.183724498949
3.17043789543	-0.543519768102	-0.0848545596388
3.17629822426	-0.46884028769	0.0139468805199
3.18215855308	-0.383678002756	0.109955006484
3.18801888191	-0.290837382249	0.200621714789
3.19387921074	-0.19321363581	0.28363863135
3.19973953957	-0.0937053432886	0.356990158323
3.20559986839	0.00486798466539	0.418995679533
3.21146019722	0.0998413711406	0.468340422973
3.21732052605	0.188771127328	0.504094831513
3.22318085487	0.269491496784	0.525722620454
3.2290411837	0.340160154951	0.533077995712
3.23490151253	0.399291922028	0.526392763774
3.24076184136	0.445780456609	0.506254280286
3.24662217018	0.478908104134	0.473575355994
3.25248249901	0.498344453386	0.429557366363
3.25834282784	0.504134480697	0.375647895195
3.26420315666	0.496677415042	0.313494285355
3.27006348549	0.476697627346	0.244894474373
3.27592381432	0.445208935676	0.171746463273
3.28178414314	0.403473737152	0.0959977080046
3.28764447197	0.352958347554	0.0195956390044
3.2935048008	0.295285872629	-0.0555595894735
3.29936512963	0.232187869362	-0.127659138142
3.30522545845	0.165455991087	-0.19502545825
3.31108578728	0.0968947477927	-0.256147490969
3.31694611611	0.028276444527	-0.30971052013
3.32280644493	-0.0387007256306	-0.354620251697
3.32866677376	-0.102450573094	-0.390020836087
3.33452710259	-0.161532076645	-0.415306689155
3.34038743142	-0.214677290706	-0.430128102857
3.34624776024	-0.260813661657	-0.434390766023
3.35210808907	-0.299080615385	-0.428249438508
3.3579684179	-0.328840450897	-0.412096137317
3.36382874672	-0.349683707834	-0.386543300308
3.36968907555	-0.361429261474	-0.352402490588
3.37554940438	-0.364119440817	-0.310659291269
3.3814097332	-0.358010477578	-0.262445113753
3.38727006203	-0.343558597044	-0.209006700724
3.39313039086	-0.321402077231	-0.151674144616
3.39899071969	-0.292339646963	-0.0918282603907
3.40485104851	-0.257305672928	-0.0308681452784
3.41071137734	-0.217342695241	0.0298202746402
3.41657170617	-0.173571994781	0.0888939714592
3.42243203499	-0.127162991607	0.145080164012
3.42829236382	-0.0793023593417	0.197200748128
3.43415269265	-0.0311637779153	0.244193401208
3.44001302147	0.0161207718824	0.285129099919
3.4458733503	0.0614873420741	0.319225941194
3.45173367913	0.103963266364	0.345859303648
3.45759400796	0.142686755769	0.364568518373
3.46345433678	0.176922428845	0.375060324867
3.46931466561	0.206072520653	0.377209460499
3.47517499444	0.229683666011	0.371056763903
3.48103532326	0.247449300393	0.356805160837
3.48689565209	0.259207870772	0.334813846102
3.49275598092	0.264937202541	0.305590882782
3.49861630975	0.264745525582	0.269784320555
